12 0003                34470N119260E201812      1511000 15 20 6010722691                                                        
220100 60  42 10     67 997   3  47 3        2  43 3        2  43 3        1  43 3      200                                     
220101 46  34 10     90 997   3  45 3        2  43 3        2  46 3        1  46 3      193                                     
220102 24  43 10     90 997   3  42 3        2  43 3        2  46 3        1  43 3      199                                     
220103 28  58 10     22 997   3  45 3        2  48 3        2  47 3        1  42 3      175                                     
220104 32  61 10      0 997   4  42 3        3  44 3        2  42 3        2  37 3      182                                     
220105 28  67 10     22 997   5  37 3        4  37 3        3  37 3        2  34 3      199                                     
220106 75  65 10     22 997   5  37 3        4  37 3        4  38 3        3  35 3      200                                     
220107 79  70 10      0 997   6  40 3        5  39 3        4  39 3        3  36 3      200                                     
220108 82  76 10     22 997  10  42 3        8  41 3        6  41 3        4  38 3      200                                     
220109 80  87 10     67 997  11  42 3        8  46 3        7  44 3        5  40 3      200                                     
220110 74  90 10     67 997  10  45 3        8  45 3        7  46 3        5  42 3      200                                     
220111 71  98 10     45 997  12  50 3       10  51 3        8  50 3        5  46 3      200                                     
220112113  55 10     22 997  11  55 3        9  53 3        7  53 3        5  51 3      195                                     
220113137  64 10      0 997  11  57 3        8  55 3        7  56 3        4  52 3      189                                     
220114143  64 10     45 997  11  57 3        8  57 3        7  54 3        5  46 3      200                                     
220115135  74 10    315 997  10  55 3        8  57 3        7  57 3        4  46 3      200                                     
220116129  72 10    292 997  10  60 3        8  62 3        7  60 3        4  50 3      194                                     
220117119  58 10    112 997  11  60 3        9  63 3        8  63 3        5  53 3      182                                     
220118123  56 10     90 997  10  67 3        9  62 3        7  60 3        5  50 3      192                                     
220119133  44 10     67 997   9  57 3        8  60 3        7  56 3        4  46 3      200                                     
220120136  62 10     45 997   9  52 3        8  53 3        6  53 3        4  45 3      200                                     
220121137  70 10     90 997  11  50 3        9  55 3        7  53 3        5  43 3      200                                     
220122142  73 10     90 997   9  60 3        8  51 3        7  51 3        5  43 3      200                                     
220123152  47 10     90 997  11  50 3        9  48 3        8  50 3        5  42 3      200                                     
220200176  21 10     90 997   9  52 3        8  52 3        6  52 3        4  43 3      200                                     
220201165  41 10     90 997  10  60 3        7  57 3        6  57 3        4  46 3      199                                     
220202138  35 10    135 997   7  60 3        7  58 3        5  57 3        4  49 3      192                                     
220203128  41 10     90 997   7  55 3        7  59 3        5  59 3        4  56 3      177                                     
220204 99  22 10     90 997   7  52 3        6  62 3        5  62 3        3  54 3      185                                     
220205107  44 10    247 997   9  57 3        7  61 3        5  62 3        3  54 3      182                                     
220206139  26 10    112 997   7  70 3        6  60 3        5  58 3        3  52 3      190                                     
220207136  24 10     90 997   6  65 3        5  57 3        4  57 3        3  49 3      200                                     
220208144  39 10     67 997   7  57 3        6  55 3        5  57 3        3  51 3      189                                     
220209143  26 10     90 997   7  42 3        5  53 3        4  49 3        3  43 3      198                                     
220210148  23 10     90 997   7  55 3        6  50 3        5  51 3        3  44 3      200                                     
220211100  20 10     90 997   7  55 3        6  49 3        4  50 3        3  46 3      200                                     
220212140  27 10     67 997   6  55 3        4  49 3        4  50 3        2  47 3      200                                     
220213128  27 10     67 997   5  52 3        5  54 3        4  54 3        2  50 3      198                                     
220214142  22 10    337 997   6  57 3        5  56 3        4  56 3        2  53 3      182                                     
220215164  27 10     90 997   6  55 3        4  57 3        4  56 3        2  52 3      186                                     
220216112  21 10    292 997   6  52 3        5  56 3        4  58 3        2  52 3      185                                     
220217174   9 10    270 997   6  60 3        5  57 3        4  59 3        3  56 3      177                                     
220218341  17 10    112 997   5  60 3        4  62 3        3  59 3        2  55 3      178                                     
220219294  11 10     90 997   6  52 3        4  57 3        3  58 3        2  55 3      177                                     
220220216  22 10     90 997   5  52 3        4  54 3        3  56 3        2  52 3      191                                     
220221  0  23 10     67 997   5  55 3        4  53 3        3  54 3        2  51 3      190                                     
220222249  16 10     90 997   5  52 3        4  50 3        3  52 3        2  49 3      199                                     
220223285  22 10     90 997   5  47 3        5  48 3        4  49 3        2  48 3      200                                     
220300278  29 10     67 997   5  37 3        4  48 3        3  49 3        2  47 3      200                                     
220301288  33 10     45 997   5  52 3        4  51 3        3  51 3        2  49 3      197                                     
220302278  36 10      0 997   6  55 3        5  54 3        4  54 3        2  51 3      193                                     
220303288  30 10     90 997   5  55 3        5  52 3        4  54 3        3  54 3      181                                     
220304281  44 10     90 997   5  60 3        4  52 3        3  55 3        2  55 3      175                                     
220305291  42 10     90 997   6  60 3        4  59 3        3  58 3        2  57 3      172                                     
220306254  18 10    270 997   5  62 3        4  60 3        3  60 3        2  58 3      165                                     
220307269  16 10    112 997   5  62 3        4  58 3        3  59 3        2  56 3      168                                     
220308 98   8 10     67 997   4  62 3        4  60 3        3  60 3        2  57 3      165                                     
220309309  34 10     67 997   4  52 3        4  57 3        3  57 3        2  57 3      172                                     
220310299  21 10     67 997   4  57 3        3  57 3        3  55 3        2  52 3      179                                     
220311 57   6 10     67 997   4  55 3        3  54 3        3  55 3        2  52 3      175                                     
220312 84  18 10     67 997   4  55 3        3  52 3        2  54 3        2  50 3      180                                     
220313116  20 10     67 997   4  52 3        3  50 3        2  52 3        2  50 3      188                                     
220314 33  42 10     45 997   4  50 3        3  54 3        2  54 3        2  52 3      189                                     
220315 48  80 10     22 997   4  50 3        4  51 3        3  48 3        2  40 3      172                                     
220316 42  85 10     22 997   6  40 3        5  45 3        4  44 3        3  38 3      193                                     
220317 33  78 10      0 997   8  42 3        6  46 3        5  42 3        4  40 3      200                                     
220318 32  74 10    337 997   9  47 3        8  46 3        6  47 3        4  40 3      200                                     
220319 28  81 10      0 997   9  50 3        8  49 3        7  49 3        5  44 3      200                                     
220320 16  67 10     22 997  13  47 3       10  48 3        8  49 3        5  43 3      200                                     
220321 22  83 10     45 997  13  45 3       11  50 3        9  51 3        6  44 3      200                                     
220322 30  95 10     22 997  15  55 3       12  53 3       10  51 3        7  45 3      200                                     
220323 27 114 10     22 997  17  47 3       14  54 3       12  53 3        8  47 3      200                                     
220400 26 112 10     45 997  17  57 3       14  54 3       12  53 3        8  45 3      200                                     
220401 19 101 10     45 997  18  47 3       15  54 3       12  54 3        8  47 3      200                                     
220402 13  94 10     22 997  14  65 3       12  57 3       10  54 3        7  48 3      196                                     
220403 21 112 10      0 997  17  62 3       13  60 3       11  58 3        7  51 3      188                                     
220404 22 105 10      0 997  16  70 3       13  59 3       11  60 3        7  50 3      191                                     
220405 30 107 10    337 997  20  60 3       16  62 3       12  62 3        8  52 3      189                                     
220406 29 114 10      0 997  20  57 3       15  61 3       13  63 3        8  54 3      180                                     
220407 24 104 10    337 997  16  70 3       14  67 3       12  66 3        8  58 3      168                                     
220408 23  92 10     22 997  18  70 3       14  65 3       11  63 3        7  51 3      188                                     
220409 28  86 10     22 997  16  57 3       14  62 3       12  62 3        8  52 3      186                                     
220410 30 110 10     45 997  17  65 3       14  61 3       12  58 3        7  46 3      200                                     
220411 31  89 10     22 997  17  52 3       14  57 3       11  59 3        8  48 3      198                                     
220412 25  74 10     45 997  16  62 3       13  61 3       11  58 3        7  50 3      194                                     
220413 27  64 10     67 997  15  55 3       13  58 3       11  60 3        7  51 3      195                                     
220414 35  58 10     45 997  16  60 3       11  58 3        9  59 3        6  52 3      193                                     
220415 42  55 10     22 997  13  50 3       10  58 3        9  61 3        6  56 3      181                                     
220416 39  76 10      0 997  12  60 3       10  63 3        9  63 3        6  56 3      172                                     
220417 42  85 10    337 997  14  77 3       11  70 3        9  64 3        6  52 3      180                                     
220418 30  83 10    337 997  12  57 3       10  65 3        9  67 3        6  57 3      168                                     
220419 44  70 10    337 997  13  67 3       11  65 3        9  65 3        5  55 3      177                                     
220420 44  68 10     22 997  12  65 3       10  68 3        8  66 3        5  55 3      174                                     
220421 55  73 10     45 997  12  55 3        9  65 3        7  65 3        5  55 3      177                                     
220422 59  78 10     45 997  11  55 3        9  66 3        7  66 3        5  52 3      184                                     
220423 65  74 10      0 997  11  77 3        9  64 3        8  63 3        5  50 3      187                                     
220500 53  71 10     67 997  12  52 3        9  61 3        7  61 3        5  50 3      194                                     
220501 70  79 10     67 997  11  62 3        9  60 3        7  61 3        5  51 3      193                                     
220502 73  70 10     67 997   9  62 3        7  59 3        6  56 3        4  46 3      200                                     
220503 70  66 10     67 997  10  55 3        8  61 3        7  63 3        4  51 3      188                                     
220504 63  76 10     22 997   9  57 3        7  65 3        6  63 3        4  49 3      193                                     
220505 76  72 10    337 997   9  60 3        8  66 3        6  65 3        4  54 3      176                                     
220506 75  82 10    315 997   9  75 3        7  65 3        6  63 3        4  53 3      180                                     
220507 83  88 10    315 997  11  67 3        8  70 3        7  70 3        4  55 3      174                                     
220508 95  72 10     45 997   9  70 3        8  67 3        6  65 3        4  51 3      185                                     
220509 99  76 10     67 997   9  62 3        8  66 3        7  61 3        5  48 3      193                                     
220510 90  74 10     67 997   9  47 3        8  62 3        6  59 3        4  48 3      188                                     
220511101  75 10    337 997   9  40 3        7  58 3        6  54 3        4  45 3      197                                     
220512 95  71 10    337 997   8  50 3        7  58 3        5  57 3        3  44 3      200                                     
220513 94  73 10     67 997   8  50 3        6  60 3        5  55 3        4  45 3      200                                     
220514 73  78 10     67 997   8  60 3        7  54 3        6  54 3        4  46 3      200                                     
220515 83  84 10     67 997   8  62 3        7  55 3        6  52 3        4  44 3      200                                     
220516 72  97 10     67 997   7  50 3        7  50 3        6  51 3        4  43 3      200                                     
220517 62 104 10     22 997   9  57 3        8  55 3        6  50 3        4  43 3      200                                     
220518 56 122 10      0 997  13  52 3       10  50 3        8  52 3        5  42 3      200                                     
220519 38 105 10      0 997  15  47 3       12  53 3        9  53 3        6  45 3      200                                     
220520 48  96 10      0 997  13  55 3       11  58 3        9  55 3        6  48 3      199                                     
220521 54 112 10     22 997  11  57 3       10  57 3        9  58 3        6  49 3      193                                     
220522 65  90 10     45 997  11  57 3        9  52 3        8  56 3        5  46 3      200                                     
220523 77  67 10     45 997  11  47 3        9  53 3        7  55 3        5  48 3      197                                     
220600100  70 10     22 997  11  55 3        9  55 3        7  55 3        5  45 3      200                                     
220601 78  67 10     67 997  11  55 3        8  53 3        7  52 3        4  45 3      200                                     
220602 36  83 10     45 997  12  45 3        9  49 3        7  48 3        5  42 3      200                                     
220603 33  82 10     45 997  10  45 3        8  49 3        7  49 3        5  42 3      200                                     
220604 20  92 10     22 997  10  62 3        8  51 3        7  51 3        4  45 3      200                                     
220605  8  79 10     45 997  10  55 3        8  58 3        7  57 3        5  51 3      188                                     
220606351  66 10     67 997   8  55 3        7  58 3        6  59 3        4  53 3      184                                     
220607  0  78 10    315 997   9  52 3        8  59 3        6  60 3        4  49 3      188                                     
220608 23  60 10    315 997   9  60 3        7  60 3        6  58 3        4  49 3      187                                     
220609 22  79 10     22 997   8  67 3        7  57 3        6  55 3        4  45 3      200                                     
220610 20  73 10     22 997   9  57 3        7  54 3        6  54 3        4  44 3      200                                     
220611 20  68 10     45 997  10  55 3        8  59 3        7  55 3        4  45 3      200                                     
220612 13  58 10     90 997   8  50 3        7  50 3        6  50 3        4  42 3      200                                     
220613  1  65 10    112 997   9  55 3        8  53 3        6  52 3        4  44 3      200                                     
220614  5  82 10     45 997   9  45 3        7  50 3        6  49 3        4  42 3      200                                     
220615 20 100 10     45 997   9  45 3        7  47 3        6  48 3        4  41 3      200                                     
220616 14 110 10     22 997  11  50 3        9  46 3        8  46 3        5  40 3      200                                     
220617 12 140 10      0 997  11  47 3        9  48 3        8  47 3        6  41 3      200                                     
220618 13 128 10     45 997  12  47 3        9  48 3        7  48 3        5  40 3      200                                     
220619 17 118 10     22 997  12  50 3       10  51 3        8  51 3        6  44 3      200                                     
220620 18 118 10      0 997  13  57 3       11  54 3        9  54 3        6  45 3      200                                     
220621 11 128 10    337 997  11  50 3       10  56 3        8  52 3        6  43 3      200                                     
220622 19 132 10      0 997  15  47 3       13  58 3       10  55 3        7  44 3      200                                     
220623 24 116 10      0 997  17  60 3       14  65 3       12  61 3        8  48 3      199                                     
220700 22  95 10     22 997  15  65 3       13  62 3       11  60 3        7  50 3      195                                     
220701 14  97 10     22 997  15  52 3       12  58 3       10  57 3        7  48 3      200                                     
220702 16 100 10     45 997  14  57 3       11  52 3        9  54 3        6  46 3      200                                     
220703 15 109 10     45 997  13  55 3       11  51 3        9  53 3        6  44 3      200                                     
220704 20 103 10     45 997  13  50 3       11  55 3        9  55 3        6  47 3      196                                     
220705 19  96 10      0 997  13  55 3       11  55 3        9  55 3        6  47 3      200                                     
220706 24  92 10      0 997  12  60 3       10  59 3        8  56 3        6  49 3      191                                     
220707 21  91 10    337 997  11  67 3        9  60 3        8  59 3        5  50 3      192                                     
220708 29  80 10    315 997  13  57 3       10  62 3        8  60 3        5  50 3      190                                     
220709 32  82 10    315 997  10  70 3        9  59 3        7  56 3        5  46 3      200                                     
220710 30  66 10     45 997  12  70 3        9  62 3        7  62 3        5  49 3      191                                     
220711 24  53 10     45 997   9  52 3        8  60 3        7  60 3        5  50 3      189                                     
220712 27  56 10     45 997   8  52 3        7  57 3        6  58 3        4  48 3      189                                     
220713  5  79 10    112 997  11  55 3        8  60 3        6  57 3        4  47 3      186                                     
220714359  57 10    247 997  10  55 3        8  57 3        6  56 3        4  47 3      198                                     
220715  9  41 10     67 997   9  52 3        7  55 3        6  55 3        4  48 3      200                                     
220716 13  48 10     67 997   8  57 3        6  53 3        5  55 3        3  48 3      200                                     
220717344  47 10     45 997   7  45 3        6  56 3        5  54 3        3  50 3      200                                     
220718348  36 10      0 997   6  55 3        5  53 3        4  56 3        3  53 3      189                                     
220719342  35 10    337 997   6  52 3        5  54 3        4  57 3        3  52 3      188                                     
220720338  37 10    270 997   5  55 3        5  58 3        4  60 3        3  57 3      167                                     
220721335  53 10    270 997   6  62 3        5  62 3        4  64 3        3  58 3      170                                     
220722333  53 10     67 997   6  72 3        5  66 3        4  65 3        3  57 3      168                                     
220723318  56 10     67 997   5  67 3        4  64 3        3  60 3        2  50 3      184                                     
220800318  62 10     67 997   5  52 3        4  62 3        3  60 3        2  48 3      178                                     
220801334  61 10     90 997   6  50 3        4  63 3        3  58 3        2  45 3      187                                     
220802337  64 10    157 997   5  62 3        4  57 3        3  54 3        2  42 3      173                                     
220803  8  54 10     67 997   4  50 3        4  50 3        3  47 3        2  39 3      200                                     
220804  6  59 10     45 997   4  42 3        4  47 3        3  45 3        2  38 3      200                                     
220805  4  80 10     22 997   4  47 3        4  47 3        3  46 3        2  38 3      200                                     
220806 14  73 10      0 997   5  42 3        4  48 3        3  47 3        2  38 3      200                                     
220807 14  72 10    315 997   4  60 3        3  45 3        3  46 3        2  39 3      200                                     
220808 21  59 10    315 997   5  50 3        5  50 3        4  45 3        3  39 3      200                                     
220809  0  71 10    315 997   6  55 3        5  51 3        4  48 3        3  43 3      198                                     
220810359  59 10     67 997   6  50 3        5  51 3        4  51 3        3  43 3      200                                     
220811351  61 10     67 997   5  50 3        5  47 3        4  50 3        2  42 3      200                                     
220812334  63 10     45 997   6  52 3        5  49 3        4  50 3        3  43 3      190                                     
220813326  48 10     67 997   6  55 3        4  51 3        4  48 3        2  42 3      200                                     
220814354  50 10    135 997   6  50 3        4  45 3        3  46 3        2  39 3      200                                     
220815345  53 10     45 997   5  42 3        4  43 3        3  43 3        2  38 3      200                                     
220816337  51 10     67 997   4  40 3        4  41 3        3  42 3        2  37 3      200                                     
220817 13  35 10     45 997   5  37 3        4  43 3        3  44 3        2  41 3      200                                     
220818 16  47 10     22 997   4  45 3        4  45 3        3  46 3        2  42 3      200                                     
220819 17  55 10    337 997   4  45 3        4  44 3        3  45 3        2  42 3      200                                     
220820  7  60 10    315 997   5  42 3        4  46 3        3  46 3        2  42 3      200                                     
220821 17  46 10    292 997   4  45 3        3  46 3        3  48 3        2  44 3      200                                     
220822 16  46 10    315 997   4  47 3        3  49 3        2  49 3        2  44 3      200                                     
220823 10  43 10     45 997   3  57 3        3  52 3        2  49 3        2  44 3      200                                     
220900 20  48 10     67 997   5  47 3        3  46 3        3  45 3        2  41 3      198                                     
220901  8  59 10     67 997   5  42 3        4  44 3        3  45 3        2  40 3      198                                     
220902 22  50 10     22 997   4  45 3        4  43 3        3  41 3        2  37 3      200                                     
220903 33  55 10     45 997   5  57 3        4  41 3        4  42 3        3  36 3      200                                     
220904 19  41 10     67 997   5  42 3        4  42 3        3  41 3        2  37 3      200                                     
220905 17  42 10     67 997   5  42 3        4  41 3        3  42 3        2  41 3      200                                     
220906 25  37 10     22 997   4  37 3        4  44 3        3  45 3        2  43 3      200                                     
220907 35  20 10    315 997   4  42 3        3  48 3        3  47 3        2  45 3      200                                     
220908 81  23 10    292 997   4  47 3        3  47 3        3  49 3        2  47 3      200                                     
220909 86  22 10    270 997   4  45 3        3  51 3        3  50 3        2  49 3      188                                     
220910  1  10 10     45 997   4  50 3        3  49 3        2  50 3        1  46 3      187                                     
220911  0  36 10     90 997   3  52 3        3  52 3        2  51 3        1  45 3      195                                     
220912 36  12 10     67 997   4  42 3        3  51 3        2  52 3        1  47 3      192                                     
220913 26  25 10     67 997   3  50 3        2  53 3        2  53 3        1  46 3      196                                     
220914 26  30 10     45 997   3  60 3        3  51 3        2  49 3        2  41 3      200                                     
220915 53  39 10      0 997   3  50 3        2  50 3        2  48 3        1  43 3      200                                     
220916 82  31 10     67 997   4  50 3        3  47 3        2  46 3        1  41 3      200                                     
220917 83  17 10     67 997   3  45 3        3  50 3        2  49 3        2  46 3      190                                     
220918 76  34 10     67 997   3  47 3        2  47 3        2  49 3        1  45 3      200                                     
220919 73  35 10     22 997   3  42 3        3  52 3        2  54 3        2  51 3      177                                     
220920112  12 10    292 997   3  57 3        2  57 3        2  55 3        1  57 3      158                                     
220921 76  11 10    270 997   3  60 3        2  57 3        2  57 3        1  54 3      160                                     
220922 32  13 10    270 997   3  62 3        2  65 3        2  60 3        1  58 3      145                                     
220923 43  11 10     67 997   2  55 3        2  62 3        2  61 3        1  60 3      138                                     
221000274  18 10     90 997   2  50 3        2  64 3        1  63 3        1  61 3      132                                     
221001283  25 10     90 997   2  62 3        2  62 3        1  59 3        1  62 3      132                                     
221002101  13 10     67 997   2  62 3        2  59 3        2  59 3        1  55 3      148                                     
221003 30  58 10     22 997   4  47 3        3  36 3        3  34 3        2  31 3      189                                     
221004 26  58 10     22 997   5  35 3        4  36 3        3  34 3        2  32 3      200                                     
221005 31  67 10     45 997   5  42 3        4  36 3        3  36 3        2  34 3      200                                     
221006 37  73 10     45 997   5  40 3        4  38 3        4  38 3        3  35 3      200                                     
221007 39  81 10     22 997   6  37 3        5  40 3        4  39 3        3  36 3      200                                     
221008 33  89 10      0 997   6  40 3        5  38 3        4  39 3        3  36 3      200                                     
221009 37  84 10    337 997   7  30 3        6  41 3        5  39 3        3  36 3      200                                     
221010 34  88 10    337 997   7  30 3        6  41 3        5  40 3        3  36 3      200                                     
221011 37  81 10      0 997   7  32 3        6  40 3        5  41 3        3  35 3      200                                     
221012 38  90 10     22 997   9  37 3        7  45 3        5  43 3        4  37 3      200                                     
221013 34  85 10     45 997   9  52 3        8  45 3        7  44 3        4  39 3      200                                     
221014 44  74 10     22 997   8  47 3        8  48 3        6  46 3        4  41 3      200                                     
221015 62  87 10      0 997  10  42 3        7  45 3        6  45 3        4  41 3      200                                     
221016 60  81 10     45 997   7  45 3        6  43 3        5  43 3        3  39 3      200                                     
221017 62  88 10     67 997   9  45 3        6  44 3        5  43 3        3  40 3      200                                     
221018 48  74 10     67 997   6  47 3        5  44 3        5  44 3        3  42 3      200                                     
221019 54  81 10     45 997   7  47 3        5  46 3        4  46 3        3  42 3      200                                     
221020 49  77 10     22 997   7  47 3        6  48 3        5  46 3        3  42 3      200                                     
221021 32  67 10     67 997   7  52 3        6  50 3        5  49 3        3  42 3      197                                     
221022 23  85 10     22 997   7  50 3        6  48 3        5  47 3        3  40 3      200                                     
221023 25  72 10    337 997   7  42 3        6  48 3        5  46 3        3  40 3      200                                     
221100 21  69 10      0 997   7  55 3        6  50 3        5  49 3        3  41 3      200                                     
221101 23  53 10     22 997   7  52 3        6  48 3        5  47 3        3  42 3      200                                     
221102 14  72 10     45 997   8  52 3        6  49 3        5  47 3        3  41 3      200                                     
221103 16  65 10     67 997   7  50 3        6  48 3        5  44 3        3  40 3      200                                     
221104  0  89 10     22 997   7  37 3        5  43 3        5  42 3        3  38 3      200                                     
221105  2  59 10     67 997   7  50 3        6  44 3        5  45 3        3  39 3      200                                     
221106  4  59 10     45 997   7  45 3        6  45 3        5  45 3        3  41 3      200                                     
221107  3  47 10     22 997   7  47 3        5  46 3        4  46 3        3  46 3      200                                     
221108342  49 10    337 997   6  47 3        5  50 3        4  49 3        2  47 3      200                                     
221109329  57 10     90 997   5  52 3        4  50 3        3  52 3        2  49 3      200                                     
221110322  68 10    292 997   5  52 3        5  54 3        4  54 3        2  51 3      189                                     
221111333  74 10    292 997   5  55 3        4  56 3        4  55 3        2  47 3      188                                     
221112345  80 10     90 997   5  55 3        5  54 3        4  54 3        3  44 3      171                                     
221113337  82 10      0 997   5  60 3        4  52 3        4  45 3        3  36 3      181                                     
221114341  71 10     45 997   5  40 3        4  48 3        4  47 3        2  38 3      196                                     
221115349  75 10     67 997   7  50 3        5  46 3        4  42 3        3  36 3      200                                     
221116359  91 10    337 997   7  45 3        6  43 3        5  43 3        3  37 3      200                                     
221117347  97 10     22 997   8  52 3        7  43 3        6  41 3        4  36 3      200                                     
221118  3 100 10     45 997   9  50 3        7  46 3        6  43 3        4  39 3      200                                     
221119 16  92 10     45 997   9  50 3        8  48 3        7  47 3        5  41 3      200                                     
221120 14  98 10      0 997  11  52 3        9  50 3        8  50 3        5  46 3      200                                     
221121  6 103 10      0 997  10  55 3        9  52 3        7  52 3        5  46 3      197                                     
221122  7 103 10      0 997  10  57 3        9  57 3        7  56 3        5  50 3      192                                     
221123 17  96 10    337 997  10  55 3        8  55 3        7  56 3        5  46 3      200                                     
221200  3  95 10    337 997  10  62 3        8  57 3        7  55 3        4  47 3      189                                     
221201357  87 10    337 997   8  50 3        7  56 3        6  53 3        4  45 3      195                                     
221202355  84 10     22 997   8  55 3        7  56 3        6  54 3        4  45 3      196                                     
221203349  72 10     22 997   8  47 3        7  50 3        5  48 3        4  42 3      200                                     
221204  1  72 10     45 997   6  50 3        5  48 3        5  46 3        3  40 3      200                                     
221205358  52 10     22 997   8  50 3        6  46 3        5  47 3        3  43 3      200                                     
221206332  39 10     45 997   8  47 3        6  47 3        5  47 3        3  44 3      200                                     
221207  1  32 10     45 997   7  45 3        6  50 3        5  47 3        3  45 3      200                                     
221208263  46 10      0 997   6  52 3        5  51 3        4  50 3        3  45 3      200                                     
221209280  46 10     67 997   6  52 3        6  56 3        5  58 3        3  52 3      192                                     
221210285  38 10    270 997   7  62 3        5  61 3        4  61 3        3  56 3      179                                     
221211307  37 10    270 997   7  55 3        6  60 3        5  62 3        3  58 3      170                                     
221212309  37 10     67 997   7  67 3        6  64 3        5  65 3        3  60 3      167                                     
221213320  41 10     67 997   8  65 3        6  62 3        5  62 3        3  59 3      167                                     
221214322  36 10     45 997   6  57 3        5  60 3        4  61 3        3  57 3      172                                     
221215320  31 10     67 997   6  62 3        5  61 3        4  62 3        3  57 3      168                                     
221216299  58 10     90 997   6  57 3        5  60 3        4  61 3        2  51 3      188                                     
221217291  50 10     90 997   6  50 3        5  60 3        4  56 3        3  46 3      178                                     
221218285  49 10     67 997   5  60 3        5  56 3        4  55 3        2  48 3      188                                     
221219280  48 10     67 997   4  57 3        4  54 3        3  53 3        2  46 3      190                                     
221220278  56 10     45 997   4  55 3        4  54 3        3  54 3        2  45 3      184                                     
221221268  51 10    292 997   4  57 3        3  55 3        3  53 3        2  45 3      181                                     
221222268  64 10    270 997   3  55 3        3  58 3        2  57 3        1  48 3      168                                     
221223270  70 10    270 997   2  50 3        2  58 3        2  56 3        1  48 3      149                                     
221300279  79 10    270 997   3  67 3        2  55 3        2  47 3        1  39 3      142                                     
221301276  66 10     90 997   2  67 3        2  55 3        2  48 3        1  39 3      132                                     
221302293  57 10     90 997   3  47 3        2  57 3        2  51 3        1  42 3      135                                     
221303285  54 10     90 997   3  62 3        2  67 3        2  61 3        1  49 3      136                                     
221304283  41 10     90 997   2  42 3        2  58 3        1  55 3        1  47 3      129                                     
221305290  38 10     22 997   2  67 3        1  63 3        1  56 3        1  48 3      109                                     
221306282  49 10     45 997   2  55 3        2  53 3        1  53 3        1  46 3      129                                     
221307285  41 10     45 997   2  45 3        2  39 3        1  42 3        1  35 3      143                                     
221308270  40 10     22 997   2  57 3        1  48 3        1  46 3        1  39 3      121                                     
221309258  32 10    315 997   2  50 3        2  52 3        1  48 3        1  42 3      131                                     
221310278  28 10    292 997   1  62 3        1  60 3        1  58 3        1  59 3       59                                     
221311290  36 10    270 997   1  72 3        1  68 3        1  69 3        1  63 3       57                                     
221312305  40 10     90 997   1  65 3        1  71 3        1  70 3        1  66 3       80                                     
221313305  35 10     90 997   1  70 3        1  66 3        1  63 3        1  61 3       93                                     
221314282  35 10     67 997   2  42 3        2  43 3        1  46 3        1  48 3      168                                     
221315259  21 10     67 997   4  42 3        3  43 3        2  43 3        1  43 3      200                                     
221316284  26 10     67 997   4  47 3        3  47 3        2  47 3        2  46 3      200                                     
221317281  24 10     45 997   4  45 3        3  43 3        3  44 3        2  42 3      200                                     
221318226  17 10     22 997   4  42 3        3  43 3        3  45 3        2  42 3      200                                     
221319264  16 10     45 997   5  42 3        4  43 3        3  44 3        2  39 3      200                                     
221320 45  54 10     45 997   4  45 3        3  41 3        3  42 3        2  39 3      200                                     
221321 39  65 10     45 997   4  40 3        3  42 3        3  41 3        2  38 3      200                                     
221322 40  65 10     22 997   4  42 3        3  42 3        2  40 3        2  36 3      200                                     
221323 32  61 10      0 997   4  42 3        3  41 3        3  41 3        2  38 3      200                                     
221400 35  66 10    337 997   5  42 3        4  42 3        3  41 3        2  37 3      192                                     
221401 34  62 10      0 997   7  42 3        5  43 3        4  41 3        3  38 3      200                                     
221402 33  56 10     22 997   7  40 3        5  47 3        5  47 3        3  40 3      200                                     
221403 29  58 10     22 997   7  40 3        5  43 3        4  43 3        3  40 3      200                                     
221404 26  50 10     45 997   6  47 3        5  44 3        4  42 3        3  38 3      200                                     
221405 35  57 10     22 997   6  42 3        5  40 3        4  39 3        3  36 3      200                                     
221406 39  61 10     22 997   7  40 3        5  39 3        4  39 3        3  37 3      200                                     
221407 39  66 10     45 997   6  35 3        5  40 3        4  39 3        3  36 3      200                                     
221408 64  62 10     45 997   5  42 3        4  42 3        3  40 3        2  38 3      200                                     
221409 49  46 10     45 997   5  45 3        4  42 3        3  43 3        2  42 3      200                                     
221410 46  53 10      0 997   4  42 3        3  46 3        3  46 3        2  43 3      200                                     
221411 33  47 10    337 997   5  57 3        4  49 3        3  49 3        2  44 3      200                                     
221412 28  31 10    337 997   5  52 3        4  49 3        3  49 3        2  44 3      200                                     
221413 29  30 10      0 997   4  60 3        4  53 3        3  53 3        2  46 3      193                                     
221414 87  29 10     45 997   6  50 3        4  52 3        4  53 3        2  48 3      200                                     
221415 83  33 10     67 997   6  57 3        4  53 3        4  55 3        2  47 3      200                                     
221416 93  35 10     67 997   6  57 3        5  54 3        4  54 3        2  47 3      200                                     
221417101  38 10     45 997   6  52 3        4  53 3        4  54 3        2  48 3      199                                     
221418143  17 10     45 997   5  57 3        4  53 3        4  54 3        2  49 3      196                                     
221419143  22 10     67 997   6  55 3        5  54 3        4  52 3        2  46 3      200                                     
221420161  27 10     67 997   6  60 3        5  50 3        4  50 3        3  46 3      200                                     
221421159  27 10     67 997   5  52 3        4  51 3        4  52 3        2  47 3      200                                     
221422162  35 10     45 997   5  52 3        4  53 3        3  53 3        2  50 3      198                                     
221423162  31 10    315 997   4  50 3        4  53 3        3  54 3        2  48 3      196                                     
221500160  24 10    292 997   4  47 3        3  55 3        3  55 3        2  51 3      185                                     
221501180  30 10    270 997   3  50 3        3  54 3        2  54 3        2  52 3      185                                     
221502179  21 10    247 997   4  47 3        3  58 3        2  59 3        2  56 3      171                                     
221503246   8 10     67 997   4  57 3        3  56 3        2  54 3        2  54 3      172                                     
221504255   9 10     67 997   4  52 3        3  53 3        3  53 3        2  52 3      176                                     
221505302  11 10     67 997   4  52 3        3  57 3        3  55 3        2  53 3      180                                     
221506256  10 10     45 997   4  57 3        3  54 3        3  55 3        2  50 3      185                                     
221507194  15 10     45 997   4  50 3        3  50 3        2  50 3        2  45 3      196                                     
221508291   8 10     67 997   4  52 3        3  52 3        2  53 3        2  48 3      187                                     
221509299  34 10     45 997   3  55 3        3  52 3        2  52 3        2  49 3      193                                     
221510346  14 10     45 997   3  57 3        2  53 3        2  53 3        1  51 3      176                                     
221511  1  13 10    337 997   3  55 3        2  52 3        2  54 3        1  53 3      156                                     
221512 28   9 10    292 997   3  55 3        2  55 3        2  55 3        1  54 3      145                                     
221513354  29 10    292 997   2  57 3        2  58 3        2  57 3        1  54 3      140                                     
221514356  30 10     22 997   2  50 3        2  57 3        1  57 3        1  56 3      142                                     
221515 20  22 10     90 997   3  55 3        2  54 3        2  54 3        1  53 3      140                                     
221516 27  15 10     67 997   3  52 3        2  54 3        2  55 3        1  51 3      160                                     
221517276  12 10     90 997   3  65 3        2  53 3        2  52 3        1  46 3      182                                     
221518248   8 10     67 997   2  47 3        2  51 3        2  50 3        1  45 3      171                                     
221519287   3 10     22 997   2  32 3        2  51 3        1  52 3        1  49 3      147                                     
221520 35   6 10     67 997   2  52 3        2  48 3        2  48 3        1  46 3      181                                     
221521342   1 10     67 997   2  50 3        2  50 3        2  52 3        1  49 3      174                                     
221522202  17 10     67 997   2  45 3        1  47 3        1  51 3        1  50 3      140                                     
221523214  33 10    315 997   1  50 3        1  52 3        1  53 3        1  50 3      107                                     
221600226  29 10    292 997   1  50 3        1  52 3        1  57 3        1  60 3       58                                     
221601277  23 10    270 997   1  55 3        1  57 3        1  56 3        1  56 3       59                                     
221602298  43 10    270 997   1  52 3        1  54 3        1  58 3        1  61 3       46                                     
221603301  53 10    270 997   1  55 3        1  66 3        1  68 3        1  73 3       59                                     
221604271  45 10     90 997   1  60 3        1  64 3        1  58 3        1  55 3       48                                     
221605276  42 10    112 997   1  52 3        1  99 3        1  77 3        1  63 3       65                                     
221606279  53 10     67 997   2  32 3        1  44 3        1  43 3        1  39 3      107                                     
221607269  58 10     90 997   2  40 3        2  36 3        1  34 3        1  32 3      100                                     
221608274  60 10     90 997   2  75 3        2  39 3        2  34 3        1  31 3      128                                     
221609280  69 10     45 997   3  22 3        2  27 3        2  28 3        1  28 3      146                                     
221610276  66 10    270 997   4  22 3        3  23 3        2  24 3        2  25 3      156                                     
221611286  68 10    270 997   2  30 3        2  32 3        2  30 3        1  28 3      120                                     
221612295  66 10    270 997   2  42 3        1  34 3        1  32 3        1  30 3       78                                     
221613294  51 10    292 997   1  30 3        1  41 3        1  62 3        1  52 3       31                                     
221614287  49 10    292 997   1  67 3        1  50 3        1  59 3        1  49 3       41                                     
221615283  54 10    292 997   1  25 3        1  33 3        1  32 3        1  34 3       28                                     
221616272  51 10    135 997   1  60 3        1  34 3        1  47 3        1  43 3       63                                     
221617269  66 10    112 997   1  27 3        1  49 3        1  41 3        1  38 3       33                                     
221618268  60 10    112 997   1  37 3        1  29 3        1  33 3        1  31 3       90                                     
221619274  71 10     67 997   2  35 3        1  30 3        1  30 3        1  28 3       62                                     
221620267  68 10    247 997   2  27 3        2  33 3        1  31 3        1  30 3      110                                     
221621267  69 10    247 997   2  22 3        2  27 3        1  31 3        1  30 3      120                                     
221622274  63 10     45 997   2  25 3        1  26 3        1  26 3        1  27 3      120                                     
221623271  54 10     67 997   2  35 3        1  33 3        1  29 3        1  29 3      107                                     
221700283  43 10    315 997   1  62 3        1  57 3        1  50 3        1  45 3       51                                     
221701287  50 10      0 997   0   0 3        0   0 3        0   0 3        0   0 3        0                                     
221702246  36 10      0 997   0   0 3        0   0 3        0   0 3        0   0 3        0                                     
221703261  44 10      0 997   0   0 3        0   0 3        0   0 3        0   0 3        0                                     
221704266  35 10      0 997   0   0 3        0   0 3        0   0 3        0   0 3        0                                     
221705263  28 10      0 997   0   0 3        0   0 3        0   0 3        0   0 3        0                                     
221706288  30 10      0 997   0   0 3        0   0 3        0   0 3        0   0 3        0                                     
221707264  27 10     90 997   1  47 3        1  37 3        1  35 3        1  37 3       29                                     
221708285  30 10      0 997   0   0 3        0   0 3        0   0 3        0   0 3        8                                     
221709291  42 10     90 997   1  67 3        1  38 3        1  35 3        1  35 3      127                                     
221710273  33 10     45 997   1  37 3        1  32 3        1  34 3        1  33 3       34                                     
221711288  30 10     45 997   1  60 3        1  50 3        1  43 3        1  50 3       26                                     
221712265  30 10     22 997   1  32 3        1  32 3        1  59 3        1  44 3       12                                     
221713273  16 10      0 997   0   0 3        0   0 3        0   0 3        0   0 3        0                                     
221714279  13 10      0 997   0   0 3        0   0 3        0   0 3        0   0 3        1                                     
221715193   6 10      0 997   0   0 3        0   0 3        0   0 3        0   0 3        4                                     
221716  C   0 10    270 997   1 142 3        1  98 3        1  72 3        1  64 3       21                                     
221717265  24 10     22 997   1  37 3        1  43 3        1  44 3        1  40 3       38                                     
221718201  26 10     45 997   1  45 3        1  45 3        1  45 3        1  43 3      118                                     
221719209  25 10     67 997   1  32 3        1  38 3        1  39 3        1  39 3      123                                     
221720216  16 10     67 997   1  50 3        1  38 3        1  40 3        1  42 3       72                                     
221721178  10 10     22 997   1  42 3        1  47 3        1  46 3        1  40 3       46                                     
221722200  16 10     45 997   1  62 3        1  45 3        1  41 3        1  42 3       33                                     
221723246  29 10     67 997   1  50 3        1  45 3        1  44 3        1  46 3       21                                     
221800246  41 10      0 997   0   0 3        0   0 3        0   0 3        0   0 3        8                                     
221801248  29 10      0 997   0   0 3        0   0 3        0   0 3        0   0 3        4                                     
221802246  32 10      0 997   0   0 3        0   0 3        0   0 3        0   0 3        2                                     
221803276  37 10      0 997   0   0 3        0   0 3        0   0 3        0   0 3        1                                     
221804278  14 10      0 997   0   0 3        0   0 3        0   0 3        0   0 3        1                                     
221805331   4 10      0 997   0   0 3        0   0 3        0   0 3        0   0 3        2                                     
221806 77  19 10      0 997   0   0 3        0   0 3        0   0 3        0   0 3        2                                     
221807 28  11 10    225 997   1  75 3        1  57 3        1  66 3        1  55 3       26                                     
221808118  29 10     67 997   1  25 3        1  38 3        1  41 3        1  47 3       23                                     
221809  6  22 10    112 997   1  60 3        1  63 3        1  50 3        1  49 3       75                                     
221810294  12 10    135 997   1  57 3        1  48 3        1  43 3        1  49 3       37                                     
221811280  63 10    112 997   2  65 3        2  46 3        1  41 3        1  37 3      104                                     
221812298  66 10    337 997   2  22 3        2  37 3        1  32 3        1  30 3      143                                     
221813295  63 10     22 997   2  27 3        1  28 3        1  29 3        1  27 3       92                                     
221814302  49 10      0 997   0   0 3        0   0 3        0   0 3        0   0 3        8                                     
221815304  35 10      0 997   0   0 3        0   0 3        0   0 3        0   0 3        6                                     
221816356   8 10    292 997   1  57 3        1  48 3        1  69 3        1  64 3       21                                     
221817125  20 10    270 997   1 115 3        1  96 3        1  62 3        1  58 3       30                                     
221818110  11 10     90 997   1  52 3        1  45 3        1  47 3        1  37 3       35                                     
221819206  18 10    135 997   1  57 3        1  43 3        1  48 3        1  43 3       27                                     
221820119   9 10     90 997   1  47 3        1  70 3        1  73 3        1  63 3       20                                     
221821 40  12 10     67 997   1  42 3        1  54 3        1  65 3        1  62 3       39                                     
221822 60  10 10     90 997   1  72 3        1  60 3        1  50 3        1  58 3       31                                     
221823201  15 10     90 997   1  72 3        1  72 3        1  67 3        1  56 3       10                                     
221900254   7 10     67 997   1  37 3        1  37 3        1  52 3        1  51 3       14                                     
221901262   9 10      0 997   0   0 3        0   0 3        0   0 3        0   0 3        3                                     
221902212  18 10      0 997   0   0 3        0   0 3        0   0 3        0   0 3        3                                     
221903  5  19 10    270 997   1  87 3        1  87 3        1  91 3        1  75 3       12                                     
221904229  19 10    270 997   1  57 3        1  57 3        1  52 3        1  56 3       10                                     
221905251   8 10      0 997   0   0 3        0   0 3        0   0 3        0   0 3        4                                     
221906243  13 10      0 997   0   0 3        0   0 3        0   0 3        0   0 3        5                                     
221907319  18 10    135 997   1  32 3        1  48 3        1  41 3        1  42 3       41                                     
221908232  29 10    112 997   1  50 3        1  68 3        1 108 3        1  79 3       27                                     
221909234  17 10     90 997   1  60 3        1  60 3        1  58 3        1  54 3       26                                     
221910  4   5 10     67 997   1  45 3        1  41 3        1  65 3        1  64 3       31                                     
221911329   6 10    135 997   1  42 3        1  49 3        1  55 3        1  52 3       96                                     
221912  1   6 10     67 997   1  47 3        1  50 3        1  49 3        1  46 3       43                                     
221913 70   4 10     90 997   1  47 3        1  50 3        1  50 3        1  47 3       62                                     
221914101  15 10     67 997   1  52 3        1  51 3        1  52 3        1  49 3       20                                     
221915 53  32 10    337 997   1  50 3        1  48 3        1  53 3        1  53 3       23                                     
221916 94  34 10    270 997   1 305 3        1 118 3        1  78 3        1  66 3       43                                     
221917107  18 10    270 997   1  47 3        1  58 3        1  62 3        1  54 3       56                                     
221918127  16 10    270 997   1  80 3        1  60 3        1  58 3        1  50 3       62                                     
221919110  22 10    247 997   1  52 3        1 101 3        1  81 3        1  70 3       30                                     
221920131  21 10    135 997   1  55 3        1  58 3        1  55 3        1  72 3       34                                     
221921117  25 10    112 997   1  52 3        1  48 3        1  56 3        1  65 3       29                                     
221922 50  38 10     90 997   1  55 3        1  54 3        1  67 3        1  61 3       43                                     
221923 80  32 10     22 997   1  50 3        1  91 3        1  75 3        1  66 3       44                                     
222000 94  29 10     22 997   2  32 3        2  31 3        2  33 3        1  33 3      200                                     
222001111  35 10     45 997   3  35 3        2  35 3        2  34 3        1  34 3      200                                     
222002112  34 10     45 997   2  37 3        2  36 3        2  37 3        1  38 3      200                                     
222003102  33 10     22 997   3  40 3        2  38 3        2  38 3        1  42 3      186                                     
222004119  21 10      0 997   2  35 3        2  38 3        2  38 3        1  36 3      186                                     
222005 94  20 10      0 997   3  40 3        2  39 3        2  38 3        1  38 3      200                                     
222006 58  23 10    292 997   2  40 3        2  39 3        2  40 3        1  40 3      200                                     
222007106  24 10    337 997   3  40 3        3  40 3        2  40 3        1  38 3      200                                     
222008 63  63 10     22 997   4  35 3        3  40 3        2  40 3        2  39 3      200                                     
222009135  15 10     45 997   5  45 3        4  42 3        3  43 3        2  39 3      200                                     
222010113  25 10     45 997   5  40 3        4  42 3        3  42 3        2  40 3      200                                     
222011123  36 10     45 997   5  42 3        4  41 3        3  41 3        2  41 3      200                                     
222012121  50 10     22 997   5  42 3        4  41 3        3  41 3        2  40 3      200                                     
222013129  48 10     67 997   5  42 3        4  41 3        3  41 3        2  39 3      200                                     
222014116  45 10     67 997   5  42 3        4  42 3        3  42 3        2  41 3      200                                     
222015117  46 10     45 997   5  42 3        4  42 3        3  42 3        2  41 3      200                                     
222016126  47 10      0 997   3  45 3        3  43 3        3  43 3        2  44 3      200                                     
222017123  35 10     22 997   4  42 3        3  45 3        3  45 3        2  45 3      200                                     
222018 98  21 10    292 997   3  50 3        3  47 3        2  46 3        2  47 3      200                                     
222019 91  26 10    292 997   4  52 3        3  48 3        2  48 3        2  48 3      187                                     
222020141  27 10    337 997   4  55 3        3  50 3        2  50 3        2  49 3      189                                     
222021140  33 10     22 997   4  45 3        3  48 3        2  49 3        2  48 3      196                                     
222022150  39 10     67 997   3  50 3        3  48 3        2  49 3        2  47 3      200                                     
222023167  20 10     45 997   4  45 3        3  47 3        2  48 3        2  44 3      200                                     
222100226  18 10     22 997   4  45 3        3  44 3        2  44 3        1  43 3      200                                     
222101 19   6 10     67 997   3  42 3        3  43 3        2  43 3        1  42 3      200                                     
222102330   3 10     67 997   3  52 3        2  43 3        2  43 3        1  44 3      200                                     
222103355   5 10     45 997   3  42 3        2  44 3        2  44 3        1  44 3      200                                     
222104139   4 10      0 997   3  42 3        2  44 3        2  45 3        1  46 3      181                                     
222105112  11 10    337 997   3  50 3        2  46 3        2  45 3        1  47 3      156                                     
222106356  12 10    315 997   2  42 3        2  46 3        1  47 3        1  47 3      131                                     
222107 38  13 10    292 997   2  47 3        2  47 3        1  46 3        1  47 3      163                                     
222108260   5 10     22 997   2  50 3        2  47 3        1  48 3        1  48 3      147                                     
222109 62  13 10     67 997   2  45 3        2  47 3        1  48 3        1  52 3      126                                     
222110229  11 10     45 997   2  47 3        1  47 3        1  52 3        1  53 3      130                                     
222111 95  13 10     90 997   2  45 3        2  49 3        1  47 3        1  49 3      147                                     
222112299  10 10     22 997   2  45 3        2  44 3        1  44 3        1  44 3      159                                     
222113 68  21 10     67 997   3  45 3        2  43 3        2  43 3        1  44 3      176                                     
222114 73  15 10     90 997   3  42 3        2  43 3        2  43 3        1  43 3      196                                     
222115177   3 10     67 997   2  45 3        2  43 3        1  42 3        1  42 3      160                                     
222116223  10 10     22 997   2  40 3        2  44 3        1  45 3        1  48 3      139                                     
222117 91  11 10    337 997   2  42 3        2  45 3        1  46 3        1  48 3      142                                     
222118104  38 10    337 997   2  50 3        2  49 3        1  49 3        1  50 3      152                                     
222119 80  33 10     90 997   2  50 3        2  47 3        1  49 3        1  49 3      144                                     
222120 94  23 10    292 997   2  55 3        2  51 3        2  49 3        1  47 3      171                                     
222121 72  34 10      0 997   3  45 3        2  47 3        2  47 3        1  45 3      200                                     
222122 74  24 10     22 997   4  42 3        3  44 3        2  45 3        2  42 3      200                                     
222123 55  42 10     45 997   4  40 3        4  41 3        3  43 3        2  39 3      200                                     
222200 75  32 10     22 997   5  42 3        4  41 3        3  41 3        2  39 3      200                                     
222201 39  24 10     45 997   5  37 3        4  39 3        3  41 3        2  38 3      200                                     
222202345  13 10     45 997   6  37 3        4  40 3        3  39 3        2  36 3      200                                     
222203 30  60 10     45 997   6  40 3        4  40 3        3  40 3        2  39 3      200                                     
222204 48  66 10     22 997   5  42 3        4  40 3        3  41 3        2  37 3      200                                     
222205 54  80 10      0 997   4  45 3        3  41 3        3  43 3        2  39 3      200                                     
222206 49  86 10     45 997   5  40 3        5  42 3        4  42 3        2  38 3      200                                     
222207 41  74 10     22 997   5  50 3        4  47 3        4  43 3        3  38 3      196                                     
222208 54  63 10    337 997   5  42 3        4  46 3        4  45 3        3  42 3      200                                     
222209 35  22 10     22 997   5  47 3        4  50 3        3  48 3        2  44 3      200                                     
222210 23  26 10     22 997   6  47 3        4  47 3        3  48 3        2  45 3      200                                     
222211 30  38 10     45 997   5  52 3        4  46 3        3  46 3        2  43 3      200                                     
222212 38  39 10     45 997   6  42 3        4  45 3        3  45 3        2  41 3      200                                     
222213 33  33 10      0 997   4  42 3        4  43 3        3  42 3        2  38 3      200                                     
222214 30  34 10     45 997   5  35 3        4  42 3        3  42 3        2  38 3      200                                     
222215 40  35 10     67 997   4  40 3        3  39 3        3  40 3        2  38 3      200                                     
222216 53  64 10     45 997   4  37 3        3  40 3        2  41 3        2  40 3      200                                     
222217 34  71 10     22 997   3  37 3        3  46 3        2  46 3        1  40 3      200                                     
222218 42  56 10     67 997   3  45 3        3  45 3        2  46 3        2  41 3      200                                     
222219 28  51 10     67 997   4  52 3        3  48 3        2  50 3        2  45 3      200                                     
222220 20  39 10     90 997   4  45 3        3  50 3        2  50 3        2  47 3      195                                     
222221 26  49 10    292 997   4  50 3        3  50 3        3  50 3        2  45 3      200                                     
222222 17  39 10     22 997   4  47 3        3  47 3        3  48 3        2  44 3      200                                     
222223315  31 10     45 997   3  45 3        3  49 3        2  48 3        2  44 3      200                                     
222300320  28 10     67 997   4  52 3        3  49 3        2  48 3        2  46 3      200                                     
222301295  22 10     22 997   5  45 3        3  45 3        3  45 3        2  43 3      200                                     
222302318  27 10     45 997   4  45 3        3  42 3        3  43 3        2  41 3      200                                     
222303303  24 10     67 997   4  42 3        3  40 3        3  41 3        2  41 3      200                                     
222304274  21 10     67 997   4  40 3        3  40 3        3  42 3        2  41 3      200                                     
222305283  31 10     22 997   4  45 3        3  45 3        2  44 3        2  44 3      200                                     
222306299  54 10     90 997   4  45 3        3  48 3        2  47 3        2  46 3      199                                     
222307321  56 10     90 997   4  50 3        3  48 3        2  48 3        2  48 3      188                                     
222308329  55 10    112 997   4  47 3        3  49 3        2  49 3        2  47 3      192                                     
222309  0  43 10    270 997   3  50 3        3  49 3        2  50 3        2  48 3      196                                     
222310  9  61 10     67 997   4  47 3        3  47 3        2  46 3        2  41 3      200                                     
222311 12  60 10     45 997   5  52 3        4  49 3        3  49 3        2  44 3      192                                     
222312 17  57 10     45 997   5  50 3        4  47 3        3  47 3        2  42 3      200                                     
222313 16  49 10     67 997   5  55 3        4  47 3        4  46 3        3  41 3      200                                     
222314 29  43 10     45 997   7  35 3        6  44 3        5  46 3        3  40 3      200                                     
222315 35  66 10     45 997  10  45 3        7  43 3        6  43 3        4  38 3      200                                     
222316 47  87 10     45 997   7  37 3        6  43 3        5  42 3        3  39 3      200                                     
222317 39  70 10     45 997   9  45 3        6  45 3        5  45 3        3  41 3      200                                     
222318 52  77 10      0 997   7  52 3        5  46 3        4  46 3        3  44 3      200                                     
222319 41  61 10     45 997   6  50 3        5  50 3        4  48 3        3  45 3      200                                     
222320 44  64 10     45 997   6  52 3        5  50 3        4  50 3        3  44 3      188                                     
222321 43  60 10    315 997   6  50 3        5  52 3        4  52 3        3  45 3      191                                     
222322 46  49 10    337 997   5  55 3        5  53 3        4  54 3        3  47 3      190                                     
222323 43  39 10     45 997   6  47 3        5  54 3        4  53 3        3  47 3      200                                     
222400 52  48 10     45 997   6  57 3        5  56 3        4  56 3        3  48 3      192                                     
222401 53  56 10     45 997   6  45 3        5  52 3        4  51 3        3  45 3      190                                     
222402 57  50 10     45 997   6  45 3        5  52 3        4  51 3        3  44 3      200                                     
222403 58  51 10     67 997   6  47 3        5  49 3        4  50 3        3  46 3      200                                     
222404 62  48 10     67 997   6  52 3        5  50 3        4  51 3        3  46 3      200                                     
222405 61  37 10     45 997   6  50 3        5  53 3        4  52 3        2  48 3      200                                     
222406 79  39 10     22 997   6  55 3        5  55 3        4  55 3        3  51 3      188                                     
222407 74  35 10     67 997   5  57 3        4  59 3        3  60 3        2  52 3      185                                     
222408 83  37 10     67 997   5  52 3        4  59 3        3  60 3        2  54 3      178                                     
222409 97  38 10    270 997   4  62 3        4  63 3        3  64 3        2  55 3      174                                     
222410 87  29 10     67 997   4  62 3        3  61 3        3  61 3        2  53 3      179                                     
222411115  42 10     67 997   4  50 3        3  60 3        2  60 3        2  49 3      184                                     
222412113  37 10     67 997   3  62 3        3  61 3        3  59 3        2  49 3      174                                     
222413112  44 10     67 997   4  60 3        3  61 3        3  58 3        2  50 3      176                                     
222414121  49 10     45 997   4  65 3        3  59 3        3  56 3        2  48 3      178                                     
222415131  59 10     90 997   4  62 3        3  53 3        3  51 3        2  43 3      196                                     
222416127  54 10     90 997   4  50 3        3  51 3        3  47 3        2  40 3      183                                     
222417152  25 10     67 997   4  47 3        3  49 3        2  48 3        2  42 3      200                                     
222418160  23 10     45 997   3  57 3        2  50 3        2  50 3        1  44 3      189                                     
222419157  29 10     22 997   3  55 3        2  55 3        2  55 3        1  46 3      190                                     
222420156  37 10    112 997   3  67 3        3  52 3        2  49 3        2  40 3      200                                     
222421165  38 10     67 997   3  55 3        2  54 3        2  47 3        1  40 3      200                                     
222422184  55 10    270 997   3  45 3        3  42 3        2  38 3        2  34 3      200                                     
222423182  49 10    202 997   3  25 3        3  34 3        2  34 3        2  32 3      200                                     
222500182  58 10    112 997   3  62 3        3  41 3        2  39 3        1  33 3      199                                     
222501161  39 10    112 997   4  25 3        3  32 3        2  31 3        2  30 3      200                                     
222502174  40 10     90 997   3  50 3        3  44 3        2  42 3        1  35 3      159                                     
222503136  10 10    112 997   3  35 3        2  45 3        2  43 3        1  39 3      183                                     
222504 68  16 10     90 997   2  50 3        2  44 3        1  45 3        1  42 3      174                                     
222505181   6 10     67 997   2  45 3        1  47 3        1  47 3        1  45 3      151                                     
222506321  17 10     45 997   2  47 3        1  51 3        1  54 3        1  53 3      129                                     
222507176  18 10     90 997   2  22 3        2  52 3        1  51 3        1  46 3      136                                     
222508324   2 10     90 997   2  50 3        1  56 3        1  55 3        1  50 3      128                                     
222509 20  22 10    112 997   2  50 3        1  51 3        1  55 3        1  55 3      117                                     
222510338  30 10    270 997   2  47 3        1  48 3        1  51 3        1  48 3      106                                     
222511 11  26 10    270 997   1  50 3        1  55 3        1  57 3        1  53 3       84                                     
222512 13  21 10    112 997   1  65 3        1  60 3        1  58 3        1  52 3       58                                     
222513  1   9 10     90 997   1  60 3        1  64 3        1  60 3        1  58 3       64                                     
222514311   9 10    112 997   1  62 3        1  60 3        1  57 3        1  55 3       58                                     
222515 36  11 10     67 997   1  35 3        1  43 3        1  44 3        1  41 3      123                                     
222516128  12 10    135 997   1  75 3        1  65 3        1  76 3        1  64 3       57                                     
222517 68  22 10     67 997   1  40 3        1  50 3        1  46 3        1  44 3       61                                     
222518 74  22 10     67 997   1  32 3        1  36 3        1  39 3        1  38 3       74                                     
222519117  16 10     22 997   1  45 3        1  40 3        1  58 3        1  62 3       33                                     
222520 81  21 10    112 997   1  42 3        1  52 3        1  54 3        1  49 3       37                                     
222521 30  32 10    112 997   1  70 3        1  66 3        1  55 3        1  51 3       25                                     
222522 35  86 10     22 997   3  22 3        2  28 3        2  32 3        1  30 3      103                                     
222523 42  87 10      0 997   3  22 3        3  30 3        2  29 3        2  29 3      162                                     
222600 35  80 10      0 997   7  47 3        5  43 3        4  40 3        3  36 3      200                                     
222601 28  67 10     22 997   6  40 3        5  44 3        4  44 3        3  39 3      200                                     
222602 37  89 10     45 997   8  47 3        7  42 3        5  41 3        4  37 3      200                                     
222603 35  84 10      0 997  10  52 3        8  48 3        6  46 3        4  41 3      200                                     
222604 35  91 10     45 997  11  47 3        9  47 3        7  47 3        5  42 3      200                                     
222605 39  92 10     67 997  10  47 3        9  48 3        7  48 3        5  43 3      200                                     
222606 33  98 10     45 997  13  50 3       10  48 3        8  48 3        5  44 3      200                                     
222607 32 117 10     22 997  13  47 3        8  48 3        7  48 3        5  42 3      200                                     
222608 36 114 10     45 997  13  50 3       11  50 3        9  51 3        6  44 3      200                                     
222609 72 127 10     67 997  13  55 3       11  56 3        9  58 3        6  48 3      195                                     
222610 68 139 10     22 997  16  62 3       13  62 3       10  61 3        7  50 3      190                                     
222611 75 130 10      0 997  16  67 3       14  66 3       12  66 3        7  55 3      179                                     
222612 72 125 10      0 997  17  85 3       14  75 3       12  74 3        8  61 3      161                                     
222613 65 138 10     45 997  17  70 3       14  74 3       12  71 3        8  57 3      169                                     
222614 62 128 10     22 997  17  80 3       15  74 3       13  75 3        9  62 3      157                                     
222615 67 117 10     67 997  18  75 3       16  73 3       13  71 3        8  58 3      168                                     
222616 63 113 10     67 997  18  67 3       15  68 3       12  66 3        8  57 3      172                                     
222617 67 108 10     67 997  16  55 3       14  63 3       11  65 3        7  56 3      176                                     
222618 77 101 10     67 997  14  72 3       12  67 3       11  63 3        7  56 3      177                                     
222619 81  94 10     67 997  16  65 3       12  64 3       10  63 3        6  56 3      179                                     
222620 71  97 10     45 997  16  70 3       13  67 3       11  67 3        7  57 3      174                                     
222621 69 102 10     22 997  15  77 3       13  71 3       11  72 3        7  60 3      162                                     
222622 70  96 10     67 997  16  75 3       13  72 3       10  73 3        6  60 3      163                                     
222623 74 108 10    337 997  14  67 3       12  74 3       10  71 3        7  58 3      167                                     
222700 60 118 10    337 997  14  72 3       12  73 3       10  69 3        6  55 3      178                                     
222701 70 113 10     22 997  15  67 3       13  70 3       10  68 3        6  55 3      177                                     
222702 38 105 10     22 997  17  67 3       13  72 3       10  66 3        7  52 3      186                                     
222703 45 106 10     45 997  17  67 3       13  65 3       10  64 3        7  52 3      184                                     
222704 70 115 10     22 997  15  55 3       12  62 3        9  61 3        6  49 3      193                                     
222705 61 109 10     67 997  16  52 3       12  62 3       10  60 3        7  53 3      178                                     
222706 45 102 10     45 997  14  80 3       12  60 3       10  61 3        7  51 3      188                                     
222707 40  95 10     45 997  13  62 3       11  62 3        9  59 3        6  50 3      192                                     
222708 38  83 10     22 997  16  60 3       12  60 3       10  59 3        6  51 3      184                                     
222709 39  87 10    337 997  14  55 3       12  64 3        9  65 3        6  54 3      179                                     
222710 43  91 10    315 997  12  65 3        9  68 3        8  65 3        5  52 3      183                                     
222711 52  75 10    315 997  11  55 3        9  71 3        7  68 3        5  56 3      170                                     
222712 39  67 10    315 997  13  72 3       10  73 3        8  70 3        5  59 3      164                                     
222713 32  71 10     45 997  11  80 3        9  71 3        7  69 3        4  56 3      169                                     
222714 33  66 10     22 997  10  87 3        8  70 3        7  67 3        4  53 3      173                                     
222715 27  63 10     45 997   9  70 3        7  66 3        6  63 3        4  52 3      179                                     
222716 31  54 10     45 997   8  55 3        7  63 3        5  62 3        4  51 3      183                                     
222717 28  68 10    225 997   8  52 3        7  61 3        5  59 3        4  49 3      190                                     
222718 23  72 10     45 997   8  52 3        7  60 3        6  57 3        4  45 3      193                                     
222719 18  97 10     45 997   9  60 3        7  51 3        6  52 3        4  42 3      200                                     
222720 21  82 10     45 997  10  52 3        8  51 3        6  51 3        4  44 3      200                                     
222721 12  85 10     22 997  11  65 3        9  57 3        7  59 3        5  49 3      185                                     
222722357  97 10    337 997   9  52 3        7  60 3        6  58 3        4  49 3      193                                     
222723357  98 10    337 997   9  60 3        7  60 3        6  59 3        4  51 3      178                                     
222802  9 133 10     22 997  12  50 3        9  54 3        7  52 3        4  38 3      200                                     
222803  0 119 10     22 997  12  72 3        9  57 3        8  54 3        5  44 3      200                                     
222804359  88 10     45 997  10  52 3        9  59 3        7  59 3        5  49 3      189                                     
222805  0  90 10    135 997  10  57 3        8  54 3        7  53 3        5  45 3      193                                     
222806352  88 10     22 997   9  47 3        8  54 3        6  52 3        4  45 3      198                                     
222807  4  96 10     22 997   9  47 3        7  50 3        6  51 3        4  43 3      200                                     
222808359 112 10     22 997   9  57 3        8  49 3        6  48 3        4  41 3      200                                     
222809 12 104 10      0 997   9  55 3        8  51 3        7  49 3        5  40 3      193                                     
222810346 100 10    337 997   8  57 3        7  51 3        6  51 3        4  43 3      190                                     
222811349 100 10    315 997   7  55 3        6  49 3        5  50 3        4  43 3      191                                     
222812328  86 10    292 997   7  55 3        5  53 3        4  53 3        3  45 3      199                                     
222813337  76 10    292 997   7  55 3        5  56 3        4  54 3        3  45 3      189                                     
222814340  72 10     67 997   5  55 3        4  52 3        3  55 3        2  45 3      190                                     
222815  2  47 10     67 997   5  52 3        4  63 3        3  60 3        2  50 3      177                                     
222816357  50 10     45 997   4  70 3        4  58 3        3  57 3        2  47 3      181                                     
222817 20  45 10    112 997   4  67 3        3  60 3        3  55 3        2  44 3      189                                     
222818  3  54 10    225 997   4  50 3        3  55 3        3  56 3        2  47 3      188                                     
222819357  59 10     45 997   4  57 3        4  52 3        3  50 3        2  43 3      200                                     
222820348  69 10     45 997   5  57 3        4  48 3        4  46 3        3  41 3      200                                     
222821 16  65 10     45 997   6  52 3        5  49 3        4  49 3        2  42 3      200                                     
222822 16  61 10     22 997   5  50 3        4  52 3        4  53 3        2  47 3      200                                     
222823 15  46 10    337 997   5  50 3        4  51 3        3  55 3        2  49 3      198                                     
222900 17  50 10    315 997   6  55 3        5  53 3        4  55 3        3  49 3      193                                     
222901  7  57 10    292 997   5  60 3        5  58 3        4  59 3        2  50 3      184                                     
222902  4  62 10     22 997   5  52 3        4  56 3        3  54 3        2  46 3      191                                     
222903358  56 10     22 997   6  67 3        4  61 3        4  57 3        3  48 3      177                                     
222904346  50 10     45 997   5  62 3        4  60 3        4  59 3        2  49 3      186                                     
222905  1  42 10     45 997   5  57 3        4  59 3        3  60 3        2  50 3      192                                     
222906349  45 10     90 997   6  60 3        4  58 3        4  58 3        2  54 3      179                                     
222907343  44 10     45 997   6  57 3        5  56 3        4  55 3        2  52 3      187                                     
222908339  44 10     45 997   6  52 3        5  55 3        4  56 3        2  51 3      190                                     
222909342  40 10     45 997   6  47 3        5  53 3        4  53 3        3  50 3      196                                     
222910348  47 10     22 997   5  52 3        4  54 3        3  57 3        2  54 3      181                                     
222911333  48 10    337 997   5  55 3        4  59 3        3  58 3        2  53 3      181                                     
222912305  32 10    292 997   5  55 3        4  54 3        3  58 3        2  56 3      176                                     
222913304  34 10    292 997   4  55 3        3  57 3        3  59 3        2  58 3      166                                     
222914301  26 10     45 997   3  65 3        3  59 3        2  59 3        1  58 3      154                                     
222915307  17 10     67 997   3  57 3        3  58 3        2  61 3        1  57 3      165                                     
222916294   4 10     67 997   4  55 3        3  56 3        2  59 3        2  58 3      158                                     
222917209  16 10     67 997   3  55 3        2  61 3        2  59 3        1  55 3      163                                     
222918269  23 10     45 997   3  55 3        2  65 3        2  61 3        1  57 3      153                                     
222919263  23 10    292 997   3  55 3        2  60 3        2  58 3        1  57 3      146                                     
222920263  31 10     67 997   3  62 3        2  57 3        2  56 3        1  53 3      168                                     
222921 24  63 10     45 997   3  47 3        3  48 3        2  48 3        1  40 3      181                                     
222922 34  63 10     22 997   3  47 3        3  45 3        2  45 3        2  38 3      200                                     
222923 37  55 10     22 997   3  60 3        3  45 3        2  45 3        2  39 3      200                                     
223000 24  70 10      0 997   4  32 3        3  44 3        3  42 3        2  38 3      172                                     
223001 19  73 10      0 997   4  42 3        4  41 3        3  41 3        2  37 3      174                                     
223002 22  68 10      0 997   5  52 3        4  44 3        3  44 3        2  39 3      185                                     
223003 20  71 10     22 997   6  47 3        5  50 3        4  47 3        3  40 3      195                                     
223004 21  74 10     22 997   7  47 3        5  49 3        5  47 3        3  40 3      200                                     
223005 27  68 10     45 997   9  52 3        7  50 3        5  49 3        4  42 3      200                                     
223006 30  70 10     67 997  10  52 3        8  52 3        6  53 3        4  46 3      196                                     
223007 42  60 10     22 997   7  52 3        6  51 3        5  52 3        3  46 3      199                                     
223008 38  48 10     22 997   7  55 3        6  47 3        5  47 3        3  44 3      200                                     
223009 30  45 10     22 997   6  47 3        5  48 3        4  47 3        3  43 3      200                                     
223010 38  47 10     45 997   6  47 3        5  48 3        4  48 3        3  46 3      200                                     
223011 24  37 10     45 997   5  47 3        4  49 3        4  49 3        2  48 3      200                                     
223012 28  34 10      0 997   4  60 3        4  53 3        3  51 3        2  49 3      199                                     
223013 40  43 10    337 997   4  47 3        4  52 3        3  50 3        2  46 3      200                                     
223014 31  44 10      0 997   5  60 3        4  50 3        3  51 3        2  45 3      195                                     
223015 29  32 10     22 997   5  55 3        4  53 3        3  54 3        2  45 3      194                                     
223016 54  31 10     45 997   4  47 3        3  53 3        3  54 3        2  47 3      189                                     
223017 52  31 10     67 997   6  57 3        4  51 3        3  54 3        2  46 3      197                                     
223018 48  35 10     67 997   5  55 3        4  53 3        3  55 3        2  47 3      196                                     
223019 53  32 10     45 997   4  52 3        3  51 3        3  51 3        2  45 3      200                                     
223020 37  34 10      0 997   4  55 3        3  51 3        3  49 3        2  45 3      200                                     
223021 39  32 10     67 997   4  62 3        4  52 3        3  53 3        2  47 3      200                                     
223022 33  43 10     67 997   5  45 3        3  50 3        3  48 3        2  43 3      200                                     
223023 31  47 10     45 997   5  52 3        4  50 3        3  51 3        2  44 3      200                                     
223100 31  57 10     22 997   5  55 3        4  51 3        3  51 3        2  43 3      200                                     
223101 24  49 10      0 997   4  50 3        4  50 3        3  49 3        2  43 3      200                                     
223102 19  55 10    337 997   5  50 3        4  51 3        3  50 3        2  44 3      186                                     
223103 20  53 10    337 997   5  55 3        4  51 3        3  52 3        2  43 3      189                                     
223104 20  53 10      0 997   4  47 3        3  55 3        3  50 3        2  43 3      184                                     
223105 14  60 10     22 997   5  62 3        3  52 3        3  48 3        2  43 3      185                                     
223106 23  55 10     22 997   5  42 3        4  46 3        3  47 3        2  40 3      184                                     
223107 28  51 10     45 997   4  50 3        4  45 3        3  44 3        2  38 3      199                                     
223108 48  54 10     90 997   5  45 3        4  46 3        3  45 3        2  38 3      200                                     
223109 41  50 10     22 997   5  40 3        4  45 3        3  44 3        2  39 3      200                                     
223110 43  66 10     45 997   5  42 3        4  43 3        4  42 3        2  39 3      200                                     
223111 29  45 10     45 997   7  42 3        5  42 3        4  43 3        3  38 3      200                                     
223112 19  43 10     45 997   5  42 3        4  48 3        3  46 3        2  43 3      200                                     
223113 26  45 10     22 997   4  52 3        3  48 3        3  48 3        2  46 3      200                                     
223114 22  38 10      0 997   4  52 3        3  50 3        3  48 3        2  48 3      192                                     
223115 29  27 10    315 997   4  50 3        3  50 3        2  51 3        2  49 3      192                                     
223116 41  21 10    337 997   4  57 3        3  55 3        2  55 3        1  54 3      171                                     
223117 60  14 10     22 997   3  52 3        3  51 3        2  51 3        2  49 3      184                                     
223118262   4 10     67 997   4  47 3        3  52 3        2  53 3        1  49 3      187                                     
223119259  21 10     67 997   4  52 3        3  49 3        2  50 3        2  49 3      194                                     
223120257  19 10     67 997   3  47 3        3  47 3        2  48 3        1  46 3      195                                     
223121258  23 10     45 997   3  50 3        3  47 3        2  48 3        2  45 3      200                                     
223122240  22 10     45 997   4  47 3        3  46 3        2  47 3        2  45 3      200                                     
213123233  26 10     67 997   3  40 3        3  47 3        2  47 3        2  43 3      200