12 0002                36030N120250E201812      216 85017019024010722041                                                        
220100 28  32 10    997 997   4  32 3        4  39 3        3  41 3        2  38 3      200                                     
220101353  22 10    997 997   5  55 3        4  42 3        3  41 3        2  36 3      200                                     
220102 49  31 10    997 997   5  35 3        4  41 3        3  41 3        2  38 3      200                                     
220103340  14 10    997 997   4  37 3        4  44 3        3  41 3        2  39 3      200                                     
220104352  24 10    997 997   6  35 3        4  39 3        4  39 3        2  38 3      200                                     
220105355   9 10    997 997   7  37 3        5  41 3        4  41 3        3  39 3      200                                     
220106 43  14 10    997 997   6  40 3        5  38 3        4  40 3        3  36 3      200                                     
220107146   8 10    997 997   8  42 3        6  38 3        5  38 3        3  36 3      200                                     
220108 84  34 103  F 90   C  10  37 3        7  37 3        6  37 3        4  35 3      200                                     
220109 79  75 10    997 997   9  37 3        8  37 3        6  36 3        4  34 3      200                                     
220110 74  80 10    997 997   9  45 3        8  36 3        6  35 3        4  35 3      200                                     
220111 76  78 103  F 86   C  10  37 3        8  38 3        7  37 3        5  35 3      200                                     
220112 78  74 10    997 997  10  32 3        8  41 3        7  41 3        5  36 3      200                                     
220113 77  85 10    997 997  15  37 3       10  43 3        8  40 3        6  36 3      200                                     
220114 75  80 104  F 85   C  12  40 3        9  44 3        8  45 3        5  38 3      200                                     
220115 66  80 10    997 997  14  47 3       10  51 3        8  49 3        6  44 3      200                                     
220116 82  62 10    997 997  14  50 3       11  54 3        9  53 3        6  47 3      200                                     
220117119  69 104  F110   C  17  55 3       14  54 3       11  56 3        8  47 3      200                                     
220118111  79 10    997 997  19  50 3       16  52 3       13  52 3        8  48 3      200                                     
220119123  81 10    997 997  22  52 3       17  55 3       14  53 3        9  45 3      200                                     
220120128  73 10    997 997  23  52 3       19  55 3       16  54 3       10  47 3      200                                     
220121125  78 10    997 997  19  72 3       15  56 3       13  54 3        8  46 3      200                                     
220122123  72 10    997 997  14  65 3       12  56 3       10  55 3        7  47 3      200                                     
220123131  86 10    997 997  16  50 3       12  53 3       10  56 3        7  46 3      200                                     
220200142  94 10    997 997  16  57 3       14  54 3       11  54 3        8  45 3      200                                     
220201145  80 10    997 997  20  62 3       16  60 3       13  57 3        9  46 3      200                                     
220202148  85 10    997 997  23  60 3       17  58 3       15  56 3       10  47 3      200                                     
220203150  70 10    997 997  20  52 3       17  55 3       14  54 3        9  48 3      200                                     
220204157  68 10    997 997  19  60 3       16  57 3       13  55 3        9  48 3      200                                     
220205156  53 10    997 997  16  67 3       14  59 3       11  58 3        8  49 3      198                                     
220206154  49 10    997 997  17  65 3       15  57 3       12  58 3        8  51 3      192                                     
220207140  62 10    997 997  15  60 3       14  54 3       11  55 3        8  48 3      200                                     
220208147  73 104  F145   C  17  42 3       15  54 3       13  53 3        9  46 3      200                                     
220209140  88 10    997 997  17  50 3       14  51 3       12  50 3        8  43 3      200                                     
220210154  79 10    997 997  18  50 3       14  51 3       11  51 3        8  45 3      200                                     
220211161  99 104  F158   C  17  52 3       14  55 3       12  54 3        8  46 3      200                                     
220212158  64 10    997 997  14  57 3       13  49 3       11  51 3        7  44 3      200                                     
220213147  52 10    997 997  18  57 3       15  56 3       12  54 3        8  46 3      200                                     
220214125  42 104  F128   C  18  55 3       14  54 3       11  54 3        8  46 3      200                                     
220215 88  38 10    997 997  16  52 3       14  52 3       11  53 3        7  45 3      200                                     
220216 68  51 10    997 997  16  60 3       12  57 3        9  55 3        6  48 3      200                                     
220217 76  40 101U/F  C 130  13  65 3       12  60 3       10  59 3        6  51 3      197                                     
220218 51  30 10    997 997  13  52 3       12  57 3        9  56 3        6  49 3      200                                     
220219341  25 10    997 997  14  60 3       11  60 3       10  58 3        6  50 3      200                                     
220220341  22 10    997 997  15  47 3       12  54 3       10  53 3        6  46 3      200                                     
220221317  15 10    997 997  17  57 3       14  54 3       11  57 3        8  48 3      200                                     
220222273  15 10    997 997  15  52 3       12  55 3       10  55 3        6  48 3      200                                     
220223334  21 10    997 997  12  52 3       10  55 3        8  54 3        5  49 3      200                                     
220300322  25 10    997 997  12  65 3        8  57 3        7  54 3        4  48 3      200                                     
220301325  33 10    997 997  12  55 3       10  58 3        8  57 3        6  50 3      196                                     
220302325  48 10    997 997  13  60 3       10  59 3        8  57 3        5  49 3      200                                     
220303333  40 10    997 997  13  62 3       11  60 3        9  59 3        6  50 3      194                                     
220304341  44 10    997 997  11  60 3        9  60 3        7  60 3        5  55 3      181                                     
220305335  38 10    997 997  12  67 3       10  62 3        8  62 3        5  58 3      170                                     
220306324  21 10    997 997  10  57 3        8  60 3        6  62 3        4  57 3      175                                     
220307329  25 10    997 997   9  57 3        8  61 3        6  60 3        4  54 3      180                                     
220308335  32 101U/F  C 118  11  57 3        7  60 3        6  60 3        4  54 3      186                                     
220309337  41 10    997 997  10  57 3        9  61 3        7  61 3        4  55 3      179                                     
220310325  42 10    997 997  11  55 3        8  59 3        7  58 3        4  51 3      192                                     
220311340  36 101U/F  C 116   8  52 3        7  56 3        5  58 3        3  51 3      190                                     
220312331  56 10    997 997   6  57 3        5  56 3        4  58 3        3  52 3      192                                     
220313329  60 10    997 997   7  55 3        6  58 3        5  58 3        3  50 3      198                                     
220314322  68 101U/F  C 116   9  57 3        7  56 3        5  52 3        4  43 3      200                                     
220315331  79 10    997 997   9  72 3        8  58 3        6  53 3        4  45 3      200                                     
220316292  21 10    997 997   7  60 3        6  57 3        5  58 3        3  48 3      195                                     
220317347  31 101U/F  C 112   6  62 3        5  60 3        4  59 3        3  48 3      186                                     
220318345  66 10    997 997   6  57 3        5  64 3        4  62 3        2  47 3      200                                     
220319343  48 10    997 997   6  50 3        5  61 3        4  60 3        2  49 3      199                                     
220320338  40 10    997 997  10  45 3        8  51 3        6  51 3        4  44 3      200                                     
220321333  53 10    997 997   9  47 3        7  47 3        5  47 3        4  41 3      200                                     
220322320  27 10    997 997   7  52 3        6  50 3        5  48 3        3  41 3      200                                     
220323339  73 10    997 997   8  45 3        6  50 3        5  53 3        3  46 3      200                                     
220400337  47 10    997 997   6  47 3        5  49 3        4  51 3        3  46 3      200                                     
220401  3  33 10    997 997   7  67 3        5  54 3        4  54 3        3  48 3      200                                     
220402  2  39 10    997 997   6  65 3        5  53 3        4  51 3        3  45 3      200                                     
220403358  48 10    997 997   8  47 3        6  58 3        5  53 3        4  45 3      200                                     
220404  6  51 10    997 997   8  62 3        7  57 3        5  56 3        4  46 3      200                                     
220405 11  59 10    997 997   7  72 3        6  56 3        5  53 3        3  42 3      200                                     
220406357  68 10    997 997   8  52 3        6  60 3        5  56 3        3  47 3      200                                     
220407 13  78 10    997 997   7  57 3        6  56 3        5  56 3        3  49 3      200                                     
220408  1  47 101U/F  C 122   8  60 3        6  63 3        5  59 3        3  50 3      197                                     
220409356  78 10    997 997   8  60 3        7  51 3        5  51 3        4  44 3      200                                     
220410  8  78 10    997 997   8  62 3        7  50 3        6  47 3        4  40 3      200                                     
220411 24  52 101U/F  C 123   9  60 3        7  56 3        6  53 3        4  42 3      200                                     
220412 23  46 10    997 997   7  75 3        6  58 3        5  56 3        4  46 3      194                                     
220413 10  62 10    997 997   6  47 3        5  55 3        4  55 3        3  47 3      200                                     
220414356  46 101U/F  C 121   6  57 3        5  57 3        4  57 3        3  48 3      198                                     
220415 14  60 10    997 997   7  57 3        6  55 3        5  52 3        3  43 3      200                                     
220416 25  70 10    997 997   8  47 3        6  53 3        5  53 3        4  44 3      200                                     
220417 21  53 101U/F  C 120   8  45 3        6  55 3        5  55 3        3  45 3      200                                     
220418 10  53 10    997 997   7  67 3        5  71 3        5  62 3        3  47 3      200                                     
220419 19  60 10    997 997   7  50 3        6  64 3        5  63 3        3  50 3      198                                     
220420 24  40 10    997 997   8  70 3        6  71 3        5  74 3        3  57 3      175                                     
220421 20  50 10    997 997   9  65 3        8  80 3        6  75 3        4  55 3      178                                     
220422 26  49 10    997 997  10  50 3        9  71 3        7  66 3        5  51 3      193                                     
220423 26  38 10    997 997  11  75 3        9  67 3        7  67 3        5  50 3      193                                     
220500 42  40 10    997 997  11  85 3        9  70 3        7  65 3        5  50 3      197                                     
220501 39  36 10    997 997   7  65 3        6  64 3        5  59 3        3  48 3      200                                     
220502 39  34 10    997 997   9  70 3        7  69 3        6  60 3        4  48 3      200                                     
220503352  22 10    997 997  10  57 3        8  57 3        6  54 3        4  45 3      200                                     
220504331  31 10    997 997   9  50 3        7  54 3        6  54 3        4  44 3      200                                     
220505 19  27 10    997 997   8  70 3        7  57 3        6  56 3        4  46 3      200                                     
220506 17   9 10    997 997   8  50 3        6  61 3        5  58 3        4  50 3      195                                     
220507 54  28 10    997 997   8  47 3        6  58 3        5  57 3        3  48 3      200                                     
220508 19  39 101U/F  C 126  10  60 3        9  59 3        7  58 3        5  50 3      194                                     
220509 49  39 10    997 997   9  52 3        8  54 3        7  55 3        4  47 3      200                                     
220510 78  52 10    997 997  12  50 3       10  47 3        8  47 3        5  43 3      200                                     
220511 72  62 103F/U 78 123  14  47 3       10  44 3        8  44 3        6  39 3      200                                     
220512 81  41 10    997 997  11  47 3        9  45 3        8  47 3        5  38 3      200                                     
220513 79  50 10    997 997   9  42 3        7  47 3        6  45 3        4  41 3      200                                     
220514 28  46 103 FU 69 121   7  42 3        6  49 3        5  49 3        3  44 3      200                                     
220515  9  45 10    997 997   7  50 3        6  54 3        5  51 3        3  44 3      200                                     
220516348  43 10    997 997   8  55 3        6  56 3        5  53 3        3  45 3      200                                     
220517346  49 101U/F  C 118   7  57 3        6  54 3        5  52 3        4  45 3      200                                     
220518347  34 10    997 997   8  52 3        6  54 3        5  52 3        3  45 3      200                                     
220519347  43 10    997 997   6  62 3        5  53 3        4  54 3        3  47 3      200                                     
220520355  32 10    997 997   8  60 3        6  56 3        5  54 3        3  49 3      200                                     
220521343  11 10    997 997  10  47 3        7  52 3        6  51 3        4  47 3      200                                     
220522350  22 10    997 997  10  52 3        7  53 3        6  50 3        4  45 3      200                                     
220523350  18 10    997 997  11  57 3        9  48 3        7  47 3        5  43 3      200                                     
220600345  23 10    997 997  10  47 3        9  47 3        7  48 3        5  43 3      200                                     
220601310   6 10    997 997  10  47 3        8  48 3        7  50 3        4  44 3      200                                     
220602326   9 10    997 997   8  50 3        7  53 3        6  49 3        4  45 3      200                                     
220603336  35 10    997 997   8  52 3        7  48 3        6  49 3        4  43 3      200                                     
220604354  45 10    997 997  10  50 3        7  51 3        6  50 3        4  44 3      200                                     
220605334  53 10    997 997  10  57 3        7  51 3        6  51 3        4  44 3      200                                     
220606334  61 10    997 997   7  52 3        6  55 3        5  55 3        3  47 3      199                                     
220607340  53 10    997 997   8  50 3        6  53 3        5  56 3        3  50 3      195                                     
220608334  44 101U/F  C  96   5  57 3        5  55 3        4  59 3        3  53 3      186                                     
220609333  58 10    997 997   7  55 3        5  57 3        4  58 3        3  50 3      197                                     
220610336  81 10    997 997   6  57 3        5  60 3        4  59 3        3  48 3      190                                     
220611332  52 101U/F  C 100   7  47 3        5  54 3        4  52 3        3  43 3      200                                     
220612325  62 10    997 997   6  47 3        5  50 3        4  49 3        3  40 3      200                                     
220613328  80 10    997 997   5  57 3        5  51 3        4  47 3        2  42 3      200                                     
220614327  69 101U/F  C 112   5  55 3        4  43 3        3  45 3        2  41 3      200                                     
220615344  92 10    997 997   5  40 3        4  48 3        3  48 3        2  44 3      200                                     
220616342  73 10    997 997   4  42 3        4  44 3        3  45 3        2  41 3      200                                     
220617344  63 101  F  X   C   5  42 3        4  48 3        3  46 3        2  37 3      200                                     
220618 17  60 10    997 997   4  62 3        3  47 3        3  41 3        2  36 3      200                                     
220619353  61 10    997 997   4  37 3        3  49 3        3  43 3        2  36 3      200                                     
220620342  68 10    997 997   4  45 3        3  47 3        2  44 3        2  38 3      200                                     
220621354  54 10    997 997   4  35 3        3  43 3        3  43 3        2  38 3      200                                     
220622354  71 10    997 997   4  57 3        3  55 3        3  51 3        2  43 3      200                                     
220623354  45 10    997 997   6  45 3        5  51 3        4  47 3        3  40 3      200                                     
220700351  40 10    997 997   6  47 3        5  49 3        4  47 3        3  41 3      200                                     
220701330  51 10    997 997   8  52 3        6  51 3        5  48 3        3  42 3      200                                     
220702  0  36 10    997 997   5  55 3        4  53 3        3  53 3        2  46 3      200                                     
220703347  54 10    997 997   6  57 3        5  55 3        4  54 3        3  47 3      200                                     
220704352  57 10    997 997   6  55 3        5  58 3        4  56 3        3  46 3      200                                     
220705354  59 10    997 997   7  45 3        6  54 3        5  54 3        3  44 3      200                                     
220706352  50 10    997 997   6  52 3        5  59 3        4  53 3        3  44 3      200                                     
220707349  59 10    997 997   5  55 3        4  58 3        3  55 3        2  45 3      200                                     
220708357  40 101U/F  C 116   4  80 3        3  68 3        3  66 3        2  55 3      174                                     
220709356  56 10    997 997   4  65 3        4  69 3        3  68 3        2  55 3      177                                     
220710352  79 10    997 997   5  45 3        4  64 3        4  64 3        2  49 3      192                                     
220711342  85 101U/F  C 113   5  72 3        4  72 3        4  65 3        2  48 3      179                                     
220712333  73 10    997 997   6  67 3        5  55 3        4  51 3        3  41 3      200                                     
220713350  49 10    997 997   6  37 3        5  52 3        4  49 3        3  40 3      200                                     
220714355  71 101U/F  C 112   6  57 3        4  69 3        3  65 3        2  49 3      196                                     
220715329  77 10    997 997   5  40 3        4  58 3        3  57 3        2  50 3      197                                     
220716343  78 10    997 997   5  45 3        4  52 3        3  50 3        2  45 3      200                                     
220717348  62 101  F  X   C   5  72 3        4  52 3        3  54 3        2  43 3      200                                     
220718350  43 10    997 997   5  37 3        4  40 3        3  38 3        2  36 3      200                                     
220719344  44 10    997 997   3  70 3        3  58 3        2  49 3        2  41 3      200                                     
220720349  34 10    997 997   3  75 3        3  68 3        2  62 3        1  47 3      189                                     
220721336  48 10    997 997   3  97 3        2  85 3        2  78 3        1  62 3      141                                     
220722344  55 10    997 997   3 115 3        3  94 3        2  85 3        1  67 3      131                                     
220723329  51 10    997 997   6  37 3        3  72 3        3  67 3        2  49 3      167                                     
220800348  47 10    997 997   4  50 3        3  53 3        3  43 3        2  37 3      200                                     
220801333  65 10    997 997   5  85 3        4  51 3        3  40 3        2  35 3      200                                     
220802326  60 10    997 997   4  65 3        4  41 3        3  42 3        2  36 3      200                                     
220803327  67 10    997 997   5  37 3        4  43 3        3  42 3        2  39 3      200                                     
220804320  59 10    997 997   5  40 3        5  45 3        4  43 3        3  41 3      200                                     
220805323  61 10    997 997   6  32 3        5  39 3        4  37 3        3  36 3      200                                     
220806328  53 10    997 997   8  37 3        7  41 3        5  36 3        3  33 3      200                                     
220807306  68 10    997 997   5  25 3        4  31 3        4  32 3        3  31 3      200                                     
220808318  74 101  F  X   C   4  22 3        3  40 3        3  37 3        2  35 3      188                                     
220809318  71 10    997 997   4  65 3        3  41 3        2  38 3        2  34 3      200                                     
220810337  81 10    997 997   4  87 3        3  55 3        2  46 3        2  38 3      200                                     
220811335  92 101  F  X   C   4  72 3        3  50 3        3  47 3        2  39 3      190                                     
220812335  91 10    997 997   4  22 3        4  32 3        3  32 3        2  31 3      191                                     
220813324  98 10    997 997   6  22 3        4  33 3        4  30 3        3  30 3      200                                     
220814328  73 101  F  X   C   5  32 3        4  33 3        3  33 3        2  33 3      200                                     
220815319  85 10    997 997   4  37 3        3  44 3        3  43 3        2  40 3      200                                     
220816341  82 10    997 997   4  42 3        3  43 3        3  44 3        2  42 3      200                                     
220817349  66 101  F  X   C   5  90 3        3  47 3        3  46 3        2  43 3      200                                     
220818346  73 10    997 997   4  35 3        4  36 3        3  37 3        2  36 3      200                                     
220819331  48 10    997 997   5  32 3        4  39 3        3  36 3        2  34 3      200                                     
220820325  49 10    997 997   3  32 3        3  40 3        2  40 3        2  35 3      200                                     
220821337  45 10    997 997   5  42 3        3  44 3        3  46 3        2  39 3      200                                     
220822354  20 10    997 997   3  62 3        2  52 3        2  50 3        1  41 3      194                                     
220823334  43 10    997 997   3  62 3        2  55 3        2  50 3        1  42 3      186                                     
220900336  18 10    997 997   3  45 3        2  49 3        2  43 3        1  38 3      195                                     
220901349  48 10    997 997   3  52 3        3  44 3        2  42 3        2  37 3      200                                     
220902337  40 10    997 997   3  32 3        2  46 3        2  47 3        1  39 3      200                                     
220903359  40 10    997 997   3  45 3        2  54 3        2  53 3        1  47 3      185                                     
220904340  59 10    997 997   2  42 3        2  56 3        2  55 3        1  49 3      169                                     
220905340  81 10    997 997   3  60 3        2  57 3        2  57 3        1  47 3      187                                     
220906348  48 10    997 997   3  32 3        3  47 3        2  45 3        1  39 3      200                                     
220907343  47 10    997 997   4  47 3        3  49 3        2  47 3        2  39 3      200                                     
220908327  39 101  F  X   C   3  32 3        3  51 3        2  49 3        2  43 3      177                                     
220909338  65 10    997 997   3  67 3        3  58 3        2  54 3        1  47 3      181                                     
220910337  46 10    997 997   4  57 3        3  55 3        2  54 3        2  45 3      200                                     
220911325  21 101  F  X   C   4  47 3        3  49 3        2  56 3        2  48 3      194                                     
220912331  22 10    997 997   3  50 3        3  57 3        2  53 3        2  45 3      200                                     
220913255  20 10    997 997   4  37 3        3  52 3        2  48 3        2  41 3      200                                     
220914224  22 101  F  X   C   4  47 3        3  50 3        3  50 3        2  41 3      200                                     
220915253  22 10    997 997   3  47 3        2  49 3        2  47 3        1  40 3      200                                     
220916305   4 10    997 997   2  57 3        2  54 3        2  52 3        1  51 3      168                                     
220917355  28 101  F  X   C   2  52 3        2  53 3        2  53 3        1  49 3      179                                     
220918346  13 10    997 997   3  52 3        2  56 3        2  51 3        1  45 3      187                                     
220919351  16 10    997 997   3  32 3        2  47 3        2  47 3        1  42 3      200                                     
220920337  23 10    997 997   4  27 3        3  44 3        3  45 3        2  39 3      200                                     
220921328  27 10    997 997   3  62 3        3  55 3        2  58 3        1  50 3      180                                     
220922338  27 10    997 997   3  50 3        2  62 3        2  62 3        1  55 3      167                                     
220923343  22 10    997 997   3  50 3        3  54 3        2  56 3        1  51 3      177                                     
221000349  24 10    997 997   4  50 3        3  60 3        2  57 3        1  50 3      189                                     
221001342  22 10    997 997   4  60 3        3  57 3        2  52 3        2  43 3      200                                     
221002351  15 10    997 997   4  32 3        3  46 3        3  45 3        2  39 3      200                                     
221003331  14 10    997 997   4  57 3        3  50 3        3  47 3        2  41 3      200                                     
221004348  34 10    997 997   3  57 3        2  51 3        2  52 3        1  47 3      189                                     
221005353  30 10    997 997   3  52 3        2  53 3        2  55 3        1  49 3      182                                     
221006354  38 10    997 997   3  67 3        2  54 3        2  57 3        1  51 3      174                                     
221007  3  30 10    997 997   4  52 3        3  52 3        2  53 3        2  42 3      200                                     
221008347  41 101  F  X   C   3  57 3        3  56 3        2  53 3        2  44 3      188                                     
221009340  26 10    997 997   3  72 3        2  58 3        2  61 3        1  54 3      158                                     
221010331  51 10    997 997   3  52 3        3  62 3        2  62 3        1  56 3      163                                     
221011338  44 101  F  X   C   3  60 3        3  58 3        2  61 3        1  57 3      153                                     
221012341  40 10    997 997   3  75 3        2  65 3        2  58 3        1  50 3      182                                     
221013334  45 10    997 997   4  50 3        3  49 3        2  49 3        2  42 3      200                                     
221014344  43 101  F  X   C   4  40 3        4  45 3        3  43 3        2  38 3      200                                     
221015345  46 10    997 997   6  37 3        4  43 3        3  41 3        2  36 3      200                                     
221016347  47 10    997 997   3  35 3        3  49 3        2  47 3        2  44 3      200                                     
221017 10  25 101  F  X   C   4  47 3        3  49 3        2  48 3        1  45 3      200                                     
221018 27  36 10    997 997   3  35 3        2  51 3        2  49 3        1  45 3      200                                     
221019 14  18 10    997 997   4  47 3        3  48 3        3  41 3        2  38 3      200                                     
221020330  27 10    997 997   4  37 3        4  36 3        3  35 3        2  34 3      200                                     
221021328  28 10    997 997   5  50 3        4  40 3        3  41 3        2  35 3      200                                     
221022324  28 10    997 997   4  42 3        3  39 3        3  39 3        2  36 3      200                                     
221023246  14 10    997 997   4  40 3        3  45 3        3  46 3        2  40 3      200                                     
221100319  23 10    997 997   4  42 3        4  52 3        3  51 3        2  45 3      200                                     
221101330  41 10    997 997   6  52 3        4  49 3        3  46 3        2  43 3      200                                     
221102334  28 10    997 997   6  55 3        5  43 3        4  47 3        3  41 3      200                                     
221103329  64 10    997 997   7  55 3        6  47 3        5  47 3        3  42 3      200                                     
221104326  74 10    997 997   5  60 3        4  49 3        4  50 3        3  44 3      200                                     
221105332  63 10    997 997   5  47 3        4  56 3        3  52 3        2  45 3      200                                     
221106334  63 10    997 997   4  65 3        4  60 3        3  54 3        2  45 3      200                                     
221107337  74 10    997 997   6  55 3        5  53 3        4  51 3        3  43 3      200                                     
221108338  67 101U/F  C 152   6  57 3        5  49 3        4  49 3        3  41 3      200                                     
221109343  58 10    997 997   6  47 3        5  55 3        4  55 3        3  47 3      198                                     
221110322  60 10    997 997   8  57 3        6  56 3        5  59 3        3  49 3      191                                     
221111324  84 103U/F321 150   6  67 3        5  63 3        4  60 3        3  49 3      183                                     
221112311  78 10    997 997   7  62 3        5  61 3        4  60 3        3  47 3      198                                     
221113329  79 10    997 997   6  55 3        4  59 3        4  55 3        2  44 3      200                                     
221114315  70 101U/F  C 153   5  62 3        5  35 3        4  36 3        3  33 3      200                                     
221115321  89 10    997 997   8  45 3        6  37 3        5  35 3        4  33 3      200                                     
221116327  59 10    997 997   6  55 3        5  44 3        4  40 3        3  36 3      200                                     
221117342  83 103U/F338 150   7  40 3        5  43 3        4  48 3        3  45 3      200                                     
221118340  74 10    997 997   5  47 3        4  48 3        3  49 3        2  46 3      200                                     
221119343  53 10    997 997   4  42 3        4  45 3        3  47 3        2  44 3      200                                     
221120344  64 10    997 997   5  45 3        4  45 3        3  45 3        2  40 3      200                                     
221121327  56 10    997 997   5  50 3        4  39 3        3  41 3        2  35 3      200                                     
221122325  63 10    997 997   4  52 3        3  53 3        3  51 3        2  42 3      200                                     
221123338  58 10    997 997   5  47 3        3  46 3        2  48 3        2  39 3      200                                     
221200323  42 10    997 997   3  57 3        3  53 3        2  49 3        2  42 3      200                                     
221201335  47 10    997 997   3  35 3        3  56 3        2  55 3        2  45 3      199                                     
221202320  65 10    997 997   4  70 3        3  51 3        3  55 3        2  41 3      200                                     
221203326  82 10    997 997   5  57 3        4  49 3        3  44 3        2  37 3      200                                     
221204323  77 10    997 997   6  70 3        4  50 3        4  47 3        3  38 3      200                                     
221205325  58 10    997 997   4  30 3        4  56 3        3  51 3        2  45 3      200                                     
221206329  58 10    997 997   4  55 3        3  53 3        3  48 3        2  43 3      200                                     
221207325  68 10    997 997   4  65 3        3  58 3        3  51 3        2  42 3      200                                     
221208326  64 101U/F  C 118   6  55 3        5  53 3        4  50 3        3  40 3      200                                     
221209326  80 10    997 997   6  55 3        5  51 3        4  48 3        3  40 3      194                                     
221210329  71 10    997 997   5  50 3        4  55 3        3  54 3        2  45 3      181                                     
221211331  52 101  F  X   C   4  62 3        4  59 3        3  56 3        2  51 3      178                                     
221212299  34 10    997 997   4  52 3        3  55 3        3  55 3        2  49 3      188                                     
221213328  43 10    997 997   4  52 3        3  57 3        3  56 3        2  52 3      186                                     
221214295  54 101  F  X   C   4  47 3        3  53 3        3  55 3        2  47 3      197                                     
221215291  39 10    997 997   4  62 3        3  51 3        3  52 3        2  42 3      197                                     
221216312  46 10    997 997   5  55 3        4  52 3        3  50 3        2  41 3      200                                     
221217319  37 101  F  X   C   4  62 3        3  52 3        3  53 3        2  44 3      200                                     
221218311  35 10    997 997   3 122 3        2  59 3        2  54 3        1  46 3      198                                     
221219305  33 10    997 997   3  55 3        3  49 3        2  49 3        1  41 3      200                                     
221220293  36 10    997 997   3  62 3        3  48 3        2  47 3        2  40 3      200                                     
221221251  50 10    997 997   4  27 3        3  34 3        3  37 3        2  33 3      200                                     
221222286  35 10    997 997   4  25 3        4  33 3        3  34 3        2  32 3      200                                     
221223313  30 10    997 997   4  25 3        4  31 3        3  33 3        2  31 3      200                                     
221300292  38 10    997 997   4  30 3        3  39 3        3  41 3        2  36 3      200                                     
221301291  32 10    997 997   3  77 3        3  48 3        3  43 3        2  36 3      200                                     
221302333  17 10    997 997   4  37 3        3  38 3        3  37 3        2  34 3      200                                     
221303312  49 10    997 997   5  32 3        4  33 3        3  36 3        2  34 3      200                                     
221304313  54 10    997 997   5  30 3        5  34 3        4  35 3        3  34 3      200                                     
221305323  39 10    997 997   4  30 3        4  38 3        3  35 3        2  34 3      200                                     
221306323  35 10    997 997   5  32 3        4  38 3        3  38 3        2  37 3      200                                     
221307331  34 10    997 997   4  35 3        3  41 3        3  39 3        2  39 3      200                                     
221308311  35 101  F  X   C   4  50 3        3  42 3        3  42 3        2  39 3      200                                     
221309329  46 10    997 997   4  37 3        4  40 3        3  39 3        2  34 3      200                                     
221310325  72 10    997 997   4  45 3        3  41 3        3  36 3        2  32 3      199                                     
221311339  47 101  F  X   C   3  45 3        2  45 3        2  41 3        1  36 3      190                                     
221312326  45 10    997 997   2  70 3        2  50 3        2  48 3        1  40 3      175                                     
221313335  53 10    997 997   3  30 3        2  46 3        2  44 3        1  41 3      198                                     
221314333  73 101  F  X   C   3  27 3        2  48 3        2  44 3        1  37 3      187                                     
221315326  64 10    997 997   4  45 3        3  33 3        2  33 3        2  31 3      200                                     
221316333  59 10    997 997   4  25 3        3  33 3        3  31 3        2  31 3      200                                     
221317325  75 101  F  X   C   3  35 3        3  31 3        2  33 3        2  32 3      200                                     
221318334  55 10    997 997   3  42 3        2  39 3        2  39 3        1  36 3      200                                     
221319339  45 10    997 997   3  37 3        3  41 3        2  42 3        2  42 3      200                                     
221320345  45 10    997 997   3  37 3        3  43 3        2  43 3        1  42 3      200                                     
221321345  40 10    997 997   3  55 3        2  44 3        2  46 3        1  41 3      200                                     
221322351  40 10    997 997   3  32 3        2  41 3        2  41 3        1  36 3      200                                     
221323  2  43 10    997 997   3  52 3        2  41 3        2  41 3        1  37 3      200                                     
221400  4  31 10    997 997   3  47 3        3  46 3        2  44 3        1  40 3      200                                     
221401 12  25 10    997 997   3  47 3        3  44 3        2  44 3        2  41 3      200                                     
221402 17  56 10    997 997   5  45 3        4  46 3        3  47 3        2  44 3      200                                     
221403 15  55 10    997 997   5  37 3        4  45 3        4  44 3        2  38 3      200                                     
221404  7  32 10    997 997   8  47 3        7  43 3        6  42 3        4  39 3      200                                     
221405340  38 10    997 997  11  42 3        8  43 3        6  42 3        4  39 3      200                                     
221406 10  29 10    997 997   8  45 3        7  40 3        6  40 3        4  37 3      200                                     
221407  3  22 10    997 997   8  42 3        6  44 3        5  40 3        3  37 3      200                                     
221408341  20 101U/F  C 105   7  40 3        5  38 3        4  40 3        3  36 3      200                                     
221409338   9 10    997 997   7  75 3        6  40 3        5  38 3        3  36 3      200                                     
221410204  15 10    997 997   8  37 3        6  41 3        5  41 3        3  37 3      200                                     
221411 64  11 101U/F  C 110   7  42 3        6  43 3        5  41 3        3  36 3      200                                     
221412138  23 10    997 997   7  40 3        6  47 3        5  44 3        3  40 3      200                                     
221413162  18 10    997 997   7  40 3        6  48 3        4  47 3        3  41 3      200                                     
221414117  14 101U/F  C 112   8  45 3        6  53 3        5  52 3        3  45 3      200                                     
221415129  15 10    997 997   7  35 3        6  45 3        5  48 3        3  43 3      200                                     
221416118  16 10    997 997   7  35 3        6  42 3        5  46 3        3  40 3      200                                     
221417118  25 101U/F  C 116   7  50 3        6  42 3        5  45 3        3  38 3      200                                     
221418128  15 10    997 997   7  40 3        6  45 3        5  42 3        3  36 3      200                                     
221419132  25 10    997 997   5  45 3        4  46 3        4  44 3        2  39 3      200                                     
221420131  26 10    997 997   6  52 3        4  47 3        4  45 3        2  41 3      200                                     
221421117  22 10    997 997   5  47 3        4  40 3        4  42 3        2  39 3      200                                     
221422118  24 10    997 997   5  32 3        4  44 3        3  44 3        2  39 3      200                                     
221423149  31 10    997 997   6  50 3        4  45 3        4  43 3        2  37 3      200                                     
221500153  30 10    997 997   5  45 3        4  49 3        4  46 3        2  41 3      200                                     
221501155  28 10    997 997   5  47 3        4  47 3        3  47 3        2  39 3      200                                     
221502165  22 10    997 997   4  50 3        3  48 3        3  46 3        2  42 3      200                                     
221503159  26 10    997 997   5  47 3        4  52 3        3  48 3        2  42 3      200                                     
221504203  29 10    997 997   6  40 3        4  47 3        3  47 3        2  41 3      200                                     
221505178  25 10    997 997   6  40 3        4  44 3        4  44 3        2  39 3      200                                     
221506193  30 10    997 997   4  47 3        4  45 3        3  42 3        2  37 3      200                                     
221507186  34 10    997 997   5  45 3        4  43 3        3  41 3        2  36 3      200                                     
221508174  30 101  F  X   C   4  60 3        3  44 3        3  44 3        2  37 3      200                                     
221509192  43 10    997 997   5  50 3        4  41 3        3  40 3        2  35 3      200                                     
221510176  41 10    997 997   5  52 3        4  42 3        3  36 3        2  34 3      200                                     
221511209  51 102  F208   C   6  27 3        5  32 3        4  31 3        3  30 3      200                                     
221512216  50 10    997 997   6  35 3        5  34 3        5  33 3        3  30 3      200                                     
221513240  71 10    997 997   7  32 3        6  33 3        5  32 3        3  31 3      200                                     
221514250  69 103  F246   C   8  40 3        6  32 3        5  34 3        3  33 3      200                                     
221515254  60 10    997 997   6  30 3        5  35 3        4  36 3        3  33 3      200                                     
221516253  48 10    997 997   7  40 3        5  34 3        5  35 3        3  34 3      200                                     
221517259  45 102  F251   C   6  30 3        5  36 3        5  34 3        3  33 3      200                                     
221518259  61 10    997 997   7  37 3        6  33 3        5  35 3        3  33 3      200                                     
221519252  52 10    997 997   9  37 3        6  35 3        5  35 3        3  34 3      200                                     
221520254  52 10    997 997   7  35 3        6  36 3        5  35 3        3  35 3      200                                     
221521261  58 10    997 997   6  37 3        5  36 3        5  38 3        3  36 3      200                                     
221522267  64 10    997 997   8  37 3        6  38 3        5  36 3        3  35 3      200                                     
221523261  63 10    997 997   7  37 3        6  37 3        5  36 3        3  35 3      200                                     
221600278  31 10    997 997   7  42 3        6  36 3        5  36 3        4  34 3      200                                     
221601288  37 10    997 997   8  40 3        7  38 3        6  36 3        4  34 3      200                                     
221602302  28 10    997 997   8  35 3        6  36 3        5  38 3        3  35 3      200                                     
221603304  24 10    997 997   7  40 3        5  37 3        4  37 3        3  36 3      200                                     
221604315  44 10    997 997   6  42 3        5  37 3        4  37 3        2  37 3      200                                     
221605304  47 10    997 997   6  37 3        5  35 3        4  36 3        2  35 3      200                                     
221606301  27 10    997 997   5  32 3        5  36 3        4  35 3        3  34 3      200                                     
221607320  27 10    997 997   6  32 3        5  36 3        4  35 3        3  34 3      200                                     
221608316  43 101  F  X   C   5  32 3        4  36 3        3  35 3        2  33 3      200                                     
221609302  46 10    997 997   4  30 3        4  38 3        3  37 3        2  35 3      200                                     
221610289  46 10    997 997   5  30 3        4  37 3        3  35 3        2  35 3      200                                     
221611329  56 101  F  X   C   5  35 3        4  34 3        3  33 3        2  33 3      200                                     
221612294  54 10    997 997   4  27 3        4  32 3        3  34 3        2  33 3      200                                     
221613314  50 10    997 997   4  37 3        3  35 3        3  36 3        2  34 3      200                                     
221614306  52 101  F  X   C   3  32 3        2  35 3        2  36 3        1  34 3      200                                     
221615306  45 10    997 997   3  30 3        2  43 3        2  39 3        1  37 3      200                                     
221616316  35 10    997 997   3  80 3        2  43 3        2  42 3        1  37 3      200                                     
221617305  28 101  F  X   C   3  30 3        2  41 3        2  39 3        1  36 3      200                                     
221618343  17 10    997 997   3  37 3        2  40 3        2  40 3        1  36 3      200                                     
221619340  19 10    997 997   2  40 3        2  34 3        2  36 3        1  33 3      200                                     
221620324  18 10    997 997   3  50 3        2  38 3        2  38 3        1  37 3      200                                     
221621312  20 10    997 997   2  40 3        2  39 3        2  39 3        1  38 3      200                                     
221622291  20 10    997 997   3  37 3        2  38 3        1  39 3        1  37 3      200                                     
221623293  16 10    997 997   3  30 3        2  40 3        2  40 3        1  38 3      200                                     
221700290  19 10    997 997   3  32 3        2  30 3        2  35 3        1  35 3      200                                     
221701309  56 10    997 997   5  27 3        4  28 3        3  27 3        2  28 3      200                                     
221702313  59 10    997 997   5  25 3        4  25 3        3  27 3        2  28 3      200                                     
221703305  38 10    997 997   4  22 3        3  26 3        2  26 3        2  29 3      200                                     
221704324  36 10    997 997   3  32 3        2  38 3        2  38 3        1  34 3      200                                     
221705329  45 10    997 997   4  40 3        3  40 3        2  41 3        1  38 3      200                                     
221706328  55 10    997 997   4  42 3        3  39 3        2  39 3        2  37 3      200                                     
221707323  53 10    997 997   3  35 3        3  40 3        2  39 3        2  37 3      200                                     
221708310  46 101  F  X   C   4  42 3        3  40 3        3  42 3        2  37 3      200                                     
221709303  57 10    997 997   3  50 3        3  36 3        2  35 3        2  33 3      200                                     
221710299  60 10    997 997   4  25 3        3  32 3        3  32 3        2  32 3      200                                     
221711306  61 101  F  X   C   4  30 3        3  33 3        2  32 3        2  32 3      200                                     
221712306  62 10    997 997   4  25 3        4  29 3        3  30 3        2  29 3      200                                     
221713307  68 10    997 997   5  27 3        4  27 3        4  27 3        3  28 3      200                                     
221714302  81 101  F  X   C   5  35 3        4  29 3        3  28 3        2  29 3      200                                     
221715318  54 10    997 997   4  22 3        3  24 3        2  27 3        2  30 3      190                                     
221716313  46 10    997 997   3  25 3        2  27 3        2  30 3        1  32 3      183                                     
221717322  16 101  F  X   C   2  25 3        1  36 3        1  42 3        1  39 3      135                                     
221718340  15 10    997 997   1  42 3        1  42 3        1  44 3        1  39 3      124                                     
221719 20  18 10    997 997   2  40 3        1  36 3        1  36 3        1  37 3      195                                     
221720 80   8 10    997 997   2  27 3        2  34 3        1  39 3        1  37 3      194                                     
221721 33  15 10    997 997   1  80 3        1  48 3        1  48 3        1  44 3      152                                     
221722 46  16 10    997 997   1  55 3        1  56 3        1  51 3        1  49 3      109                                     
221723 51  17 10    997 997   2  30 3        2  34 3        1  38 3        1  36 3      182                                     
221800 70  17 10    997 997   2  32 3        2  39 3        1  39 3        1  38 3      158                                     
221801 44  18 10    997 997   2  42 3        1  41 3        1  37 3        1  36 3      164                                     
221802221   3 10    997 997   2  25 3        2  35 3        2  33 3        1  32 3      194                                     
221803258  11 10    997 997   3  25 3        3  26 3        2  27 3        2  28 3      200                                     
221804245  58 10    997 997   4  22 3        3  26 3        3  28 3        2  29 3      200                                     
221805250  46 10    997 997   4  27 3        3  30 3        3  29 3        2  29 3      200                                     
221806275  27 10    997 997   4  72 3        4  31 3        3  32 3        2  32 3      200                                     
221807257  25 10    997 997   4  32 3        4  28 3        3  30 3        2  31 3      200                                     
221808282  13 101  F  X   C   5  35 3        5  32 3        4  33 3        3  31 3      200                                     
221809249  18 10    997 997   6  30 3        5  33 3        4  33 3        3  32 3      200                                     
221810248  37 10    997 997   6  32 3        5  33 3        4  34 3        3  33 3      200                                     
221811250  46 101U/F  C 205   7  32 3        6  36 3        5  36 3        3  35 3      200                                     
221812235  48 10    997 997   9  30 3        7  38 3        6  40 3        4  38 3      200                                     
221813241  38 10    997 997   9  35 3        7  42 3        6  40 3        4  38 3      200                                     
221814314  52 101U/F  C 198   8  37 3        7  37 3        6  38 3        4  36 3      200                                     
221815311  25 10    997 997   8  42 3        6  40 3        5  39 3        4  36 3      200                                     
221816307  29 10    997 997   8  42 3        6  38 3        5  39 3        3  36 3      200                                     
221817337  15 101U/F  C 195   6  40 3        5  38 3        4  39 3        3  37 3      200                                     
221818324  10 10    997 997   5  37 3        5  40 3        4  40 3        3  38 3      200                                     
221819  C   0 10    997 997   6  35 3        5  37 3        4  38 3        2  35 3      200                                     
221820  C   0 10    997 997   6  37 3        5  39 3        4  39 3        3  36 3      200                                     
221821 83   6 10    997 997   7  35 3        6  38 3        5  36 3        3  35 3      200                                     
221822 46  15 10    997 997   6  37 3        5  39 3        4  40 3        3  37 3      200                                     
221823 56   8 10    997 997   5  37 3        4  40 3        3  40 3        2  38 3      200                                     
221900 50  26 10    997 997   5  37 3        4  40 3        4  42 3        2  41 3      200                                     
221901 67  24 10    997 997   5  45 3        4  39 3        3  41 3        2  38 3      200                                     
221902 58  24 10    997 997   5  40 3        4  42 3        3  42 3        2  39 3      200                                     
221903 66  23 10    997 997   5  42 3        4  41 3        3  41 3        2  37 3      200                                     
221904 57  25 10    997 997   5  40 3        4  41 3        3  40 3        2  37 3      200                                     
221905 56  25 10    997 997   4  35 3        3  40 3        2  40 3        2  38 3      200                                     
221906 53  24 10    997 997   4  40 3        3  42 3        2  44 3        2  42 3      200                                     
221907 48  21 10    997 997   3  65 3        3  46 3        2  46 3        2  42 3      200                                     
221908 65  21 101  F  X   C   4  35 3        3  43 3        2  42 3        2  40 3      200                                     
221909 52  20 10    997 997   5  47 3        4  44 3        3  40 3        2  37 3      200                                     
221910 78  14 10    997 997   4  40 3        4  39 3        3  38 3        2  36 3      200                                     
221911 85  10 101  F  X   C   5  40 3        4  36 3        3  36 3        2  33 3      200                                     
221912242  15 10    997 997   3  42 3        3  43 3        2  41 3        2  36 3      200                                     
221913302  32 10    997 997   3  50 3        2  46 3        2  41 3        1  39 3      200                                     
221914326  27 101  F  X   C   4  30 3        3  38 3        2  38 3        2  36 3      200                                     
221915302  20 10    997 997   4  30 3        3  38 3        2  36 3        2  35 3      200                                     
221916337  30 10    997 997   4  40 3        3  39 3        3  40 3        2  36 3      200                                     
221917350  34 101  F  X   C   3  32 3        3  40 3        2  38 3        2  37 3      200                                     
221918338  26 10    997 997   3  42 3        3  38 3        2  39 3        2  38 3      200                                     
221919346  38 10    997 997   3  52 3        3  41 3        2  40 3        1  40 3      200                                     
221920339  43 10    997 997   3  37 3        2  39 3        2  39 3        1  37 3      200                                     
221921340  40 10    997 997   4  35 3        3  35 3        2  37 3        2  33 3      200                                     
221922331  29 10    997 997   5  42 3        4  34 3        3  35 3        2  33 3      200                                     
221923300  13 10    997 997   4  32 3        3  39 3        3  34 3        2  33 3      200                                     
222000326  22 10    997 997   3  32 3        3  43 3        2  44 3        1  38 3      200                                     
222001330  22 10    997 997   3  30 3        2  40 3        2  39 3        1  37 3      200                                     
222002334  37 10    997 997   4  47 3        3  37 3        2  36 3        2  36 3      200                                     
222003341  30 10    997 997   3  30 3        3  30 3        2  35 3        2  33 3      200                                     
222004327  39 10    997 997   4  27 3        3  37 3        2  38 3        2  36 3      200                                     
222005329  19 10    997 997   3  47 3        3  39 3        2  41 3        1  38 3      200                                     
222006318   6 10    997 997   3  45 3        3  43 3        2  42 3        1  40 3      200                                     
222007305  13 10    997 997   3  37 3        2  44 3        2  44 3        1  41 3      200                                     
222008  C   0 101  F  X   C   5  40 3        3  40 3        3  40 3        2  40 3      200                                     
222009306   1 10    997 997   6  37 3        5  39 3        4  40 3        3  38 3      200                                     
222010 60  21 10    997 997   8  35 3        7  37 3        6  37 3        4  36 3      200                                     
222011 81  57 102  F 90   C   9  30 3        8  35 3        7  36 3        5  34 3      200                                     
222012 90  47 10    997 997   9  35 3        7  37 3        6  37 3        4  34 3      200                                     
222013 97  59 10    997 997   6  32 3        5  37 3        4  38 3        3  37 3      200                                     
222014 85  55 102  F 90   C   6  45 3        5  39 3        4  41 3        3  38 3      200                                     
222015 89  56 10    997 997   7  32 3        6  37 3        5  36 3        4  35 3      200                                     
222016 84  61 10    997 997  10  35 3        7  45 3        6  39 3        4  36 3      200                                     
222017 84  50 102  F 92   C   9  92 3        7  40 3        6  39 3        4  36 3      200                                     
222018 71  53 10    997 997   8  45 3        6  41 3        5  40 3        3  37 3      200                                     
222019 88  31 10    997 997   7  40 3        5  45 3        4  43 3        3  39 3      200                                     
222020 78  28 10    997 997   6  65 3        5  47 3        4  46 3        3  41 3      200                                     
222021 71  25 10    997 997   8  47 3        6  44 3        5  42 3        3  39 3      200                                     
222022 99  38 10    997 997   7  40 3        6  41 3        5  42 3        4  38 3      200                                     
222023 68  19 10    997 997   7  37 3        6  39 3        5  40 3        4  36 3      200                                     
222100 42  19 10    997 997   6  45 3        5  39 3        4  39 3        3  36 3      200                                     
222101346  13 10    997 997   5  37 3        4  40 3        3  40 3        2  38 3      200                                     
222102 85   9 10    997 997   6  37 3        4  40 3        3  40 3        2  38 3      200                                     
222103 68  20 10    997 997   5  40 3        4  41 3        3  41 3        2  39 3      200                                     
222104 57  14 10    997 997   7  40 3        5  37 3        4  38 3        3  38 3      200                                     
222105181  15 10    997 997   7  40 3        6  41 3        5  40 3        3  39 3      200                                     
222106201  12 10    997 997   6  40 3        5  44 3        4  44 3        3  41 3      200                                     
222107161  11 10    997 997   6  50 3        5  45 3        4  45 3        3  43 3      200                                     
222108135  17 101U/F  C 128   7  45 3        5  49 3        4  49 3        3  46 3      200                                     
222109140  14 10    997 997   8  50 3        6  50 3        5  49 3        3  47 3      200                                     
222110249  27 10    997 997   6  40 3        5  44 3        4  44 3        3  42 3      200                                     
222111265  40 101U/F  C 126   7  45 3        6  41 3        5  43 3        3  40 3      200                                     
222112317  45 10    997 997   6  47 3        5  44 3        4  43 3        3  39 3      200                                     
222113352  49 10    997 997   4  40 3        3  45 3        3  43 3        2  42 3      200                                     
222114335  33 101  F  X   C   3  47 3        3  43 3        2  45 3        1  44 3      200                                     
222115348  37 10    997 997   3  42 3        3  48 3        2  49 3        2  44 3      200                                     
222116343  32 10    997 997   5  32 3        4  42 3        3  45 3        2  41 3      200                                     
222117346  41 101  F  X   C   5  42 3        4  46 3        3  46 3        2  41 3      200                                     
222118335  30 10    997 997   5  57 3        4  45 3        3  45 3        2  42 3      200                                     
222119338  28 10    997 997   4  50 3        3  50 3        3  49 3        2  45 3      200                                     
222120343  28 10    997 997   5  55 3        3  51 3        3  51 3        2  48 3      200                                     
222121318  19 10    997 997   4  50 3        3  52 3        2  56 3        2  55 3      170                                     
222122351  31 10    997 997   4  52 3        3  51 3        2  53 3        2  48 3      195                                     
222123325  33 10    997 997   4  47 3        3  53 3        2  51 3        2  46 3      200                                     
222200326  26 10    997 997   4  45 3        3  52 3        3  48 3        2  43 3      200                                     
222201327  14 10    997 997   4  40 3        3  48 3        3  51 3        2  45 3      200                                     
222202345  49 10    997 997   4  42 3        3  57 3        2  54 3        1  45 3      200                                     
222203348  55 10    997 997   4  67 3        3  63 3        2  58 3        2  48 3      194                                     
222204345  55 10    997 997   4  55 3        3  60 3        3  63 3        2  49 3      196                                     
222205330  34 10    997 997   5  87 3        4  79 3        3  69 3        2  52 3      184                                     
222206313  30 10    997 997   5  85 3        4  79 3        3  75 3        2  54 3      172                                     
222207335  53 10    997 997   5  80 3        4  77 3        3  78 3        2  60 3      159                                     
222208338  49 101U/F  C 121   6  85 3        4  89 3        4  82 3        2  64 3      155                                     
222209324  14 10    997 997   6  90 3        5  78 3        4  77 3        2  62 3      158                                     
222210263  28 10    997 997   6  77 3        5  77 3        4  70 3        2  57 3      174                                     
222211317  23 101U/F  C 121   7  77 3        6  58 3        5  58 3        3  47 3      200                                     
222212336  40 10    997 997   9  40 3        7  57 3        5  54 3        4  42 3      200                                     
222213330  48 10    997 997   6  75 3        5  57 3        4  55 3        3  44 3      200                                     
222214335  33 101  F  X   C   5  87 3        4  70 3        3  68 3        2  54 3      179                                     
222215336  42 10    997 997   4  70 3        3  65 3        2  62 3        2  50 3      192                                     
222216333  32 10    997 997   5  75 3        4  67 3        3  66 3        2  50 3      194                                     
222217345  33 101U/F  C 126   6  77 3        5  68 3        4  62 3        3  48 3      200                                     
222218333  28 10    997 997   6  52 3        5  58 3        4  54 3        3  45 3      200                                     
222219326  22 10    997 997   6  52 3        5  66 3        4  62 3        2  47 3      200                                     
222220332  21 10    997 997   6  80 3        5  68 3        4  64 3        2  53 3      184                                     
222221331  32 10    997 997   5  82 3        5  77 3        4  72 3        2  63 3      155                                     
222222337  25 10    997 997   5  80 3        4  71 3        3  70 3        2  60 3      158                                     
222223332  42 10    997 997   5  77 3        4  67 3        3  65 3        2  53 3      182                                     
222300329  40 10    997 997   6  70 3        5  68 3        4  67 3        2  52 3      182                                     
222301318  19 10    997 997   5  52 3        4  62 3        3  61 3        2  48 3      198                                     
222302318  34 10    997 997   4  70 3        3  68 3        3  65 3        2  55 3      174                                     
222303334  58 10    997 997   3  47 3        3  66 3        2  62 3        2  51 3      182                                     
222304335  45 10    997 997   4  42 3        3  55 3        2  53 3        2  44 3      200                                     
222305323  42 10    997 997   5  52 3        4  58 3        3  53 3        2  43 3      200                                     
222306295  36 10    997 997   5  55 3        3  46 3        3  45 3        2  39 3      200                                     
222307314  48 10    997 997   4  75 3        3  60 3        2  52 3        2  41 3      200                                     
222308324  39 101  F  X   C   3  70 3        3  61 3        2  53 3        2  44 3      199                                     
222309324  41 10    997 997   3  70 3        3  64 3        2  65 3        2  51 3      175                                     
222310330  54 10    997 997   3  52 3        3  67 3        2  64 3        1  50 3      178                                     
222311332  47 101  F  X   C   3  50 3        3  57 3        2  52 3        1  42 3      200                                     
222312350  65 10    997 997   6  40 3        4  44 3        3  44 3        2  40 3      200                                     
222313336  73 10    997 997   6  35 3        5  39 3        4  42 3        3  37 3      200                                     
222314345  72 101  F  X   C   3  60 3        3  52 3        2  49 3        2  43 3      200                                     
222315346  51 10    997 997   3  47 3        2  60 3        2  57 3        1  50 3      195                                     
222316324  62 10    997 997   3  47 3        3  49 3        2  49 3        1  46 3      200                                     
222317325  45 101  F  X   C   5  37 3        4  44 3        3  45 3        2  40 3      200                                     
222318329  63 10    997 997   5  45 3        4  45 3        3  44 3        2  40 3      200                                     
222319311  37 10    997 997   4  52 3        3  50 3        3  49 3        2  43 3      200                                     
222320332  50 10    997 997   4  62 3        4  53 3        3  53 3        2  43 3      200                                     
222321352  30 10    997 997   4  50 3        3  64 3        3  60 3        2  51 3      186                                     
222322  0  29 10    997 997   5  65 3        4  55 3        3  59 3        2  54 3      181                                     
222323342  50 10    997 997   5  60 3        4  60 3        3  61 3        2  55 3      175                                     
222400339  43 10    997 997   4  60 3        4  55 3        3  55 3        2  48 3      198                                     
222401332  51 10    997 997   6  50 3        4  53 3        4  50 3        2  41 3      200                                     
222402339  51 10    997 997   5  52 3        4  49 3        3  50 3        2  43 3      200                                     
222403337  50 10    997 997   3  45 3        3  47 3        2  50 3        1  44 3      200                                     
222404332  35 10    997 997   4  47 3        3  48 3        2  50 3        2  45 3      200                                     
222405346  34 10    997 997   4  45 3        3  53 3        3  48 3        2  42 3      200                                     
222406314  24 10    997 997   4  52 3        4  47 3        3  43 3        2  36 3      200                                     
222407276  24 10    997 997   5  72 3        4  47 3        3  46 3        2  41 3      200                                     
222408347  28 101  F  X   C   3  52 3        3  54 3        2  57 3        2  48 3      192                                     
222409308   7 10    997 997   4  55 3        3  54 3        2  57 3        1  52 3      180                                     
222410 88  11 10    997 997   4  70 3        3  55 3        2  56 3        2  56 3      166                                     
222411151  17 101  F  X   C   3  60 3        3  53 3        2  54 3        1  51 3      180                                     
222412174  18 10    997 997   3  52 3        2  66 3        2  57 3        1  49 3      182                                     
222413141  26 10    997 997   4  55 3        3  46 3        3  48 3        2  42 3      200                                     
222414 96  26 101  F  X   C   4  40 3        4  44 3        3  40 3        2  36 3      200                                     
222415114  24 10    997 997   3  42 3        2  54 3        2  51 3        1  45 3      192                                     
222416139  28 10    997 997   2  55 3        2  56 3        1  55 3        1  51 3      150                                     
222417147  18 101  F  X   C   2  50 3        2  56 3        1  58 3        1  58 3      139                                     
222418215  37 10    997 997   3  42 3        2  54 3        2  52 3        1  44 3      200                                     
222419215  42 10    997 997   4  45 3        3  52 3        3  44 3        2  38 3      200                                     
222420212  36 10    997 997   5  47 3        4  36 3        3  35 3        2  33 3      200                                     
222421222  40 10    997 997   4  45 3        3  45 3        3  42 3        2  37 3      200                                     
222422223  46 10    997 997   5  35 3        4  43 3        3  43 3        2  37 3      200                                     
222423218  50 10    997 997   4  45 3        3  51 3        3  47 3        2  39 3      200                                     
222500219  47 10    997 997   5  65 3        4  41 3        3  38 3        2  36 3      200                                     
222501257  36 10    997 997   6  37 3        4  34 3        4  33 3        3  32 3      200                                     
222502295  22 10    997 997   6  32 3        5  36 3        4  35 3        3  32 3      200                                     
222503256  31 10    997 997   6  32 3        5  40 3        4  37 3        3  35 3      200                                     
222504258  35 10    997 997   5  40 3        4  47 3        3  43 3        2  40 3      200                                     
222505246  47 10    997 997   5  37 3        4  39 3        3  38 3        2  38 3      200                                     
222506257  37 10    997 997   6  30 3        4  39 3        4  38 3        2  35 3      200                                     
222507287  21 10    997 997   6  32 3        5  36 3        4  37 3        3  34 3      200                                     
222508301   8 101  F  X   C   5  35 3        4  37 3        3  36 3        2  35 3      200                                     
222509267  31 10    997 997   5  42 3        4  37 3        3  38 3        2  38 3      200                                     
222510264  34 10    997 997   4  42 3        3  39 3        3  38 3        2  37 3      200                                     
222511279  30 101  F  X   C   4  42 3        4  43 3        3  43 3        2  40 3      200                                     
222512262  31 10    997 997   5  40 3        4  40 3        3  38 3        2  37 3      200                                     
222513321  26 10    997 997   4  40 3        3  36 3        2  38 3        2  37 3      200                                     
222514302  41 101  F  X   C   5  60 3        4  38 3        3  36 3        2  35 3      200                                     
222515305  46 10    997 997   4  32 3        4  37 3        3  36 3        2  36 3      200                                     
222516341  48 10    997 997   3  40 3        2  42 3        2  44 3        1  43 3      200                                     
222517340  38 101  F  X   C   2  67 3        2  52 3        1  53 3        1  50 3      143                                     
222518  3  19 10    997 997   3  37 3        2  50 3        2  50 3        1  47 3      180                                     
222519 12  39 10    997 997   3  35 3        3  41 3        2  43 3        1  40 3      200                                     
222520356  26 10    997 997   3  25 3        2  46 3        2  44 3        1  40 3      200                                     
222521343  48 10    997 997   3  52 3        2  46 3        2  44 3        1  39 3      200                                     
222522342  50 10    997 997   3  42 3        2  61 3        2  53 3        1  47 3      192                                     
222523  0  46 10    997 997   3  32 3        2  55 3        2  56 3        1  49 3      177                                     
222600337  53 10    997 997   2  55 3        2  55 3        2  56 3        1  50 3      169                                     
222601337  45 10    997 997   3  37 3        2  48 3        2  50 3        1  45 3      200                                     
222602344  53 10    997 997   5  40 3        4  37 3        3  38 3        2  35 3      200                                     
222603  3  62 10    997 997   6  32 3        5  34 3        4  34 3        3  34 3      200                                     
222604  3  50 10    997 997   6  35 3        4  42 3        3  45 3        2  40 3      200                                     
222605338  29 10    997 997   7  47 3        6  50 3        5  46 3        3  42 3      200                                     
222606357  31 10    997 997   9  45 3        7  47 3        6  45 3        4  41 3      200                                     
222607347  15 10    997 997  12  37 3       10  51 3        8  50 3        6  42 3      200                                     
222608  9  49 103U/F 15 112  13  40 3       12  53 3       10  53 3        7  44 3      200                                     
222609 22  45 10    997 997  15  50 3       12  53 3       10  54 3        7  47 3      200                                     
222610  0  23 10    997 997  16  52 3       14  59 3       11  57 3        7  49 3      200                                     
222611 18  44 101U/F  C 118  15  60 3       13  61 3       11  64 3        7  58 3      173                                     
222612  8  47 10    997 997  17  57 3       15  58 3       12  63 3        8  60 3      168                                     
222613 16  42 10    997 997  20  60 3       16  66 3       13  65 3        8  58 3      173                                     
222614 29  48 101U/F  C 120  18  55 3       16  61 3       13  62 3        8  54 3      185                                     
222615 19  52 10    997 997  23  55 3       17  60 3       14  58 3        9  50 3      200                                     
222616 30  67 10    997 997  22  52 3       17  57 3       14  59 3        9  51 3      197                                     
222617 21  47 101U/F  C 126  14  55 3       11  62 3        9  61 3        6  53 3      188                                     
222618 29  80 10    997 997  11  57 3        9  62 3        7  63 3        5  54 3      184                                     
222619 19  67 10    997 997  12  67 3       10  64 3        8  60 3        6  52 3      191                                     
222620 15  64 10    997 997  14  67 3       12  61 3       10  58 3        7  51 3      196                                     
222621  7  37 10    997 997  13  62 3       11  58 3        9  59 3        6  49 3      200                                     
222622 11  38 10    997 997  12  62 3       10  68 3        8  64 3        5  52 3      192                                     
222623  1  60 10    997 997  13  62 3       10  66 3        8  64 3        5  54 3      184                                     
222700 15  45 10    997 997  11  62 3        9  70 3        8  71 3        5  61 3      165                                     
222701 24  46 10    997 997  14  57 3       11  63 3        9  66 3        6  58 3      173                                     
222702354  35 10    997 997  14  55 3       12  66 3       10  64 3        7  56 3      180                                     
222703 14  42 10    997 997  12  47 3       11  60 3        9  57 3        6  50 3      200                                     
222704  8  45 10    997 997  15  47 3       12  60 3       10  60 3        7  52 3      192                                     
222705 14  51 10    997 997  11  60 3        9  62 3        8  56 3        5  47 3      200                                     
222706  8  55 10    997 997  11  55 3        9  57 3        8  57 3        5  49 3      200                                     
222707355  42 10    997 997  12  60 3       10  59 3        8  59 3        5  50 3      198                                     
222708351  43 101U/F  C 128  14  57 3       11  61 3        8  59 3        6  51 3      194                                     
222709 21  34 10    997 997  13  55 3       10  60 3        8  59 3        5  48 3      200                                     
222710358  32 10    997 997   9  72 3        8  67 3        6  67 3        4  54 3      182                                     
222711325  59 101U/F  C 121   8  62 3        7  71 3        6  67 3        4  54 3      183                                     
222712350  45 10    997 997   9  92 3        7  78 3        6  77 3        4  61 3      164                                     
222713326  50 10    997 997   9  82 3        7  72 3        6  69 3        4  59 3      170                                     
222714320  66 101U/F  C 118  11  65 3        7  66 3        6  65 3        4  54 3      182                                     
222715321  43 10    997 997   9  52 3        8  61 3        6  62 3        4  51 3      191                                     
222716337  65 10    997 997   9  65 3        7  53 3        6  54 3        4  46 3      200                                     
222717337  56 101U/F  C 116   8  85 3        7  63 3        5  61 3        4  52 3      189                                     
222718346  55 10    997 997   5  65 3        4  69 3        4  68 3        2  54 3      180                                     
222719349  73 10    997 997   5  60 3        4  58 3        3  57 3        2  52 3      189                                     
222720322  73 10    997 997   6  47 3        5  54 3        4  52 3        3  44 3      200                                     
222721333  91 10    997 997   8  37 3        6  52 3        5  49 3        4  41 3      200                                     
222722325  91 10    997 997   6  70 3        4  46 3        4  41 3        3  35 3      200                                     
222723321  76 10    997 997   6  52 3        5  46 3        4  44 3        3  37 3      200                                     
222800316  65 10    997 997   6  52 3        5  51 3        4  45 3        3  38 3      200                                     
222801319  95 10    997 997   5  95 3        4  61 3        3  48 3        2  38 3      200                                     
222802326  73 10    997 997   4  92 3        3  59 3        3  52 3        2  42 3      200                                     
222803327  68 10    997 997   5  82 3        4  50 3        3  43 3        2  36 3      200                                     
222804330  81 10    997 997   5  45 3        4  45 3        4  43 3        3  36 3      200                                     
222805317  59 10    997 997   5  40 3        4  42 3        3  39 3        2  35 3      200                                     
222806334  74 10    997 997   5  45 3        4  46 3        3  45 3        2  41 3      200                                     
222807333  66 10    997 997   5  47 3        5  46 3        4  44 3        3  41 3      200                                     
222808324  84 103  F321   C   6  47 3        5  48 3        4  49 3        3  42 3      200                                     
222809325  48 10    997 997   5  35 3        5  36 3        4  39 3        3  35 3      200                                     
222810330  54 10    997 997   6  25 3        5  31 3        4  32 3        3  32 3      200                                     
222811324  78 101  F  X   C   5  25 3        4  38 3        4  37 3        3  33 3      200                                     
222812345  49 10    997 997   4  77 3        3  52 3        3  46 3        2  38 3      188                                     
222813331  72 10    997 997   4  72 3        3  65 3        3  50 3        2  42 3      191                                     
222814356  75 101  F  X   C   4  90 3        3  61 3        2  55 3        2  44 3      195                                     
222815337  69 10    997 997   5  80 3        3  50 3        3  51 3        2  39 3      200                                     
222816342  73 10    997 997   5  77 3        4  51 3        3  42 3        2  36 3      193                                     
222817340  53 101  F  X   C   4  62 3        4  52 3        3  46 3        2  39 3      200                                     
222818349  66 10    997 997   3  65 3        3  67 3        2  61 3        2  48 3      192                                     
222819342  68 10    997 997   5  42 3        3  49 3        3  49 3        2  45 3      200                                     
222820343  85 10    997 997   4  67 3        4  45 3        3  47 3        2  43 3      200                                     
222821342  44 10    997 997   5  52 3        4  47 3        3  47 3        2  42 3      200                                     
222822333  83 10    997 997   4  75 3        4  50 3        3  44 3        2  38 3      200                                     
222823327  70 10    997 997   5  50 3        4  51 3        3  47 3        2  39 3      182                                     
222900347  43 10    997 997   5  57 3        4  43 3        3  40 3        2  36 3      200                                     
222901322  25 10    997 997   4  65 3        3  54 3        3  48 3        2  40 3      200                                     
222902350  40 10    997 997   4  80 3        3  73 3        3  64 3        2  49 3      186                                     
222903330  58 10    997 997   4  67 3        4  63 3        3  56 3        2  43 3      200                                     
222904325  53 10    997 997   4  80 3        4  56 3        3  52 3        2  42 3      197                                     
222905336  50 10    997 997   5  52 3        5  47 3        4  42 3        2  36 3      200                                     
222906342  31 10    997 997   4  65 3        3  56 3        3  50 3        2  38 3      200                                     
222907320  52 10    997 997   4  90 3        3  62 3        2  58 3        2  45 3      200                                     
222908317  61 101  F  X   C   4  62 3        3  50 3        2  46 3        2  42 3      200                                     
222909318  33 10    997 997   5  35 3        3  53 3        3  43 3        2  39 3      200                                     
222910331  52 10    997 997   5  30 3        4  36 3        3  36 3        2  34 3      200                                     
222911326  67 101  F  X   C   4  62 3        4  35 3        3  34 3        2  32 3      200                                     
222912338  50 10    997 997   4  25 3        3  32 3        3  34 3        2  32 3      200                                     
222913333  80 10    997 997   3  65 3        3  52 3        2  46 3        2  38 3      185                                     
222914315  80 101  F  X   C   3  87 3        3  60 3        2  54 3        2  43 3      180                                     
222915328  70 10    997 997   3  72 3        2  52 3        2  47 3        1  38 3      200                                     
222916319  58 10    997 997   3  35 3        2  51 3        2  41 3        1  35 3      200                                     
222917330  71 101  F  X   C   3  50 3        3  40 3        2  37 3        2  33 3      200                                     
222918326  62 10    997 997   3  25 3        3  31 3        3  33 3        2  30 3      200                                     
222919329  53 10    997 997   3  50 3        2  44 3        2  38 3        1  37 3      200                                     
222920339  63 10    997 997   3  35 3        2  43 3        2  43 3        1  37 3      200                                     
222921334  38 10    997 997   3  42 3        2  43 3        2  42 3        1  42 3      200                                     
222922346  54 10    997 997   3  30 3        3  47 3        2  46 3        1  40 3      200                                     
222923351  43 10    997 997   3  25 3        3  36 3        2  35 3        2  35 3      200                                     
223000339  32 10    997 997   3  30 3        3  36 3        2  35 3        2  34 3      200                                     
223001344  40 10    997 997   3  40 3        2  44 3        2  45 3        1  38 3      200                                     
223002347  33 10    997 997   2  55 3        2  58 3        2  52 3        1  42 3      189                                     
223003344  52 10    997 997   2  47 3        2  59 3        2  62 3        1  52 3      163                                     
223004336  51 10    997 997   3  47 3        2  53 3        2  51 3        1  44 3      195                                     
223005337  50 10    997 997   3  55 3        3  53 3        2  50 3        1  42 3      200                                     
223006336  47 10    997 997   3  32 3        3  45 3        2  44 3        2  38 3      200                                     
223007339  55 10    997 997   4  40 3        3  47 3        3  44 3        2  38 3      200                                     
223008339  39 101  F  X   C   3  47 3        3  48 3        2  46 3        2  40 3      200                                     
223009341  34 10    997 997   3  52 3        3  45 3        2  46 3        1  41 3      200                                     
223010344  43 10    997 997   3  42 3        3  50 3        2  48 3        2  43 3      200                                     
223011346  36 101  F  X   C   4  50 3        3  50 3        3  46 3        2  41 3      200                                     
223012355  54 10    997 997   4  57 3        4  44 3        3  43 3        2  38 3      200                                     
223013 14  46 10    997 997   4  52 3        4  48 3        3  47 3        2  39 3      200                                     
223014 20  54 101  F  X   C   5  52 3        4  50 3        3  49 3        2  41 3      200                                     
223015357  43 10    997 997   6  50 3        4  51 3        3  52 3        2  45 3      200                                     
223016 25  46 10    997 997   5  67 3        4  52 3        3  52 3        2  46 3      200                                     
223017 18  35 101  F  X   C   6  57 3        5  48 3        4  48 3        3  45 3      200                                     
223018  8  31 10    997 997   5  40 3        5  43 3        4  44 3        3  41 3      200                                     
223019351  22 10    997 997   6  32 3        5  40 3        4  42 3        3  38 3      200                                     
223020352  32 10    997 997   6  37 3        5  47 3        4  44 3        3  40 3      200                                     
223021349  24 10    997 997   4  47 3        3  46 3        2  45 3        2  40 3      200                                     
223022359  25 10    997 997   3  60 3        3  49 3        2  49 3        1  42 3      200                                     
223023343  29 10    997 997   4  35 3        3  47 3        2  45 3        2  41 3      200                                     
223100352  20 10    997 997   4  52 3        3  46 3        3  44 3        2  39 3      200                                     
223101340  41 10    997 997   5  50 3        4  43 3        3  43 3        2  38 3      200                                     
223102356  22 10    997 997   5  45 3        4  47 3        3  44 3        2  38 3      200                                     
223103  8  35 10    997 997   4  50 3        3  51 3        3  51 3        2  45 3      200                                     
223104354  49 10    997 997   5  50 3        4  51 3        3  51 3        2  48 3      200                                     
223105355  42 10    997 997   5  45 3        4  51 3        3  52 3        2  45 3      200                                     
223106 13  25 10    997 997   6  42 3        5  44 3        4  44 3        2  41 3      200                                     
223107  5  31 10    997 997   5  47 3        4  44 3        3  42 3        2  37 3      200                                     
223108335  49 101  F  X   C   6  40 3        5  43 3        4  41 3        3  36 3      200                                     
223109334  48 10    997 997   5  52 3        4  40 3        4  40 3        2  35 3      200                                     
223110334  53 10    997 997   4  42 3        3  46 3        3  41 3        2  38 3      200                                     
223111354  13 101  F  X   C   3  40 3        3  40 3        2  44 3        2  39 3      200                                     
223112334  37 10    997 997   4  30 3        3  39 3        3  38 3        2  36 3      200                                     
223113312  49 10    997 997   4  45 3        4  37 3        3  37 3        2  34 3      200                                     
223114298  24 101U/F  C 138   9  37 3        4  36 3        3  37 3        2  33 3      200                                     
223115344  47 10    997 997   4  40 3        3  39 3        3  42 3        2  36 3      200                                     
223116332  49 10    997 997   4  45 3        3  49 3        2  50 3        2  43 3      200                                     
223117341  43 101  F  X   C   3  52 3        3  49 3        2  48 3        1  43 3      200                                     
223118336  27 10    997 997   4  50 3        3  47 3        2  47 3        2  42 3      200                                     
223119338  36 10    997 997   3  27 3        3  41 3        2  41 3        2  37 3      200                                     
223120325  41 10    997 997   4  30 3        3  40 3        3  40 3        2  37 3      200                                     
223121347  43 10    997 997   3  27 3        3  36 3        3  40 3        2  36 3      200                                     
223122357  46 10    997 997   3  37 3        2  49 3        2  47 3        1  43 3      200                                     
213123 18  45 10    997 997   2  57 3        2  57 3        2  49 3        1  46 3      200                                 